10,20,30,40,50,60,70,80,90,100,110,120,130,140,150,160,170,180,190,200,210,220,230,240,250
1,2,3,4,5,6,7,8,9,10,11,12,13,14,15,16,17,18,19,20,21,22,23,24,25,26,27,28,29,30,31,32,33,34,35,36,37,38,39
0,0,0,0,2,2,2,2,2,2,4,0,4,0,4,0,4,0,4,2,4,2,4,2,4,2,4,2,4,2,4,2,4,2,4,2,4,2,4
2,2,2,2,2,2,2,2,2,4,4,2,4,2,4,2,4,2,4,2,4,2,4,2,4,2,4,2,4,2,4,2,4,2,4,4,4,4,4
1,2,3,4,5
1
1315,1517,171930,192130
1,2,3,4,5,6,7,8,9,10
-10,1
-20,2
-30,3
-40,4
-50,5
-60,6
-70,7
-80,8
-90,9
-100,10
-110,11
-120,12,13
-130,14,15
-140,16,17
-150,18,19
-160,20,21
-170,22,23
-180,24,25
-190,26,27
-200,28,29
-210,30,31
-220,32,33
-230,34,35
-240,36,37
-250,38,39
*10,4,3,2
*20,3,2,4
*30,4,3,2
*40,2
*50,2,4,3
*60,2,3
*70,2
*80,2
*90,4,3,2
*100,3,2
*110,2,4
*120,4,2
*130,2,4
*140,4,2
*150,2,3
*160,3
*170,3,4
*180,3,2
*190,2,3
*200,3,2
*210,2,4
*220,3,2
*230,2,3
*240,3,2,4
*250,4,3
>10,2
>20,2
>30,2
>40,2
>50,4
>60,4
>70,4
>80,4
>90,4
>100,6
>110,8
>120,10
>130,10
>140,10
>150,10
>160,12
>170,12
>180,12
>190,12
>200,12
>210,12
>220,12
>230,12
>240,14
>250,14
