10,20,30,40,50,60,70,80,90,100,110,120,130,140,150,160,170,180,190,200,210,220,230,240,250,260,270,280
1,2,3,4,5,6,7,8,9,10,11,12,13,14,15,16,17,18,19,20,21,22,23,24,25,26,27,28,29,30,31,32,33,34,35,36,37,38,39,40,41,42,43,44
0,0,0,0,2,2,2,2,2,2,2,4,0,4,0,4,0,4,0,4,2,4,2,4,2,4,2,4,2,4,2,4,2,4,2,4,2,4,2,4,2,4,2,4
2,2,2,2,2,2,2,2,2,2,4,4,2,4,2,4,2,4,2,4,2,4,2,4,2,4,2,4,2,4,2,4,2,4,2,4,2,4,4,4,4,4,4,4
1,2,3,4,5
4
1315,1517,171930,192130
1,2,3,4,5,6,7,8,9,10
-10,1
-20,2
-30,3
-40,4
-50,5
-60,6
-70,7
-80,8
-90,9
-100,10
-110,11
-120,12
-130,13,14
-140,15,16
-150,17,18
-160,19,20
-170,21,22
-180,23,24
-190,25,26
-200,27,28
-210,29,30
-220,31,32
-230,33,34
-240,35,36
-250,37,38
-260,39,40
-270,41,42
-280,43,44
*10,2,3
*20,2,4
*30,4,2
*40,4
*50,4,2
*60,4
*70,3,4
*80,3,4
*90,4,2,3
*100,2,4,3
*110,4,3,2
*120,2,3,4
*130,3,4
*140,3,2
*150,2,4,3
*160,4,3,2
*170,3
*180,3
*190,3
*200,4
*210,2,3
*220,4,3
*230,3,4
*240,2,3
*250,2
*260,4,2
*270,3
*280,3,2
>10,2
>20,2
>30,2
>40,2
>50,4
>60,4
>70,4
>80,4
>90,4
>100,4
>110,6
>120,8
>130,10
>140,10
>150,10
>160,10
>170,12
>180,12
>190,12
>200,12
>210,12
>220,12
>230,12
>240,12
>250,12
>260,14
>270,14
>280,14
