10,20,30,40,50,60,70,80,90,100,110,120,130,140,150,160,170,180,190,200,210,220,230,240,250,260,270,280,290,300,310
1,2,3,4,5,6,7,8,9,10,11,12,13,14,15,16,17,18,19,20,21,22,23,24,25,26,27,28,29,30,31,32,33,34,35,36,37,38,39,40,41,42,43,44,45,46,47,48,49
0,0,0,0,0,2,2,2,2,2,2,2,4,0,4,0,4,0,4,0,4,0,4,2,4,2,4,2,4,2,4,2,4,2,4,2,4,2,4,2,4,2,4,2,4,2,4,2,4
2,2,2,2,2,2,2,2,2,2,2,4,4,2,4,2,4,2,4,2,4,2,4,2,4,2,4,2,4,2,4,2,4,2,4,2,4,2,4,2,4,2,4,4,4,4,4,4,4
1,2,3,4,5
5
1315,1517,171930,192130
1,2,3,4,5,6,7,8,9,10
-10,1
-20,2
-30,3
-40,4
-50,5
-60,6
-70,7
-80,8
-90,9
-100,10
-110,11
-120,12
-130,13
-140,14,15
-150,16,17
-160,18,19
-170,20,21
-180,22,23
-190,24,25
-200,26,27
-210,28,29
-220,30,31
-230,32,33
-240,34,35
-250,36,37
-260,38,39
-270,40,41
-280,42,43
-290,44,45
-300,46,47
-310,48,49
*10,4,3,2
*20,4,3
*30,4,2
*40,2,3
*50,3,4
*60,2,3,4
*70,2,4
*80,3,4
*90,4,3,2
*100,2,4
*110,4,3,2
*120,2,4,3
*130,3,4,2
*140,4,2
*150,3,2
*160,4
*170,4,3,2
*180,2
*190,4,3,2
*200,2,4
*210,4,2
*220,3,2,4
*230,4,2,3
*240,2,4,3
*250,4,3
*260,2,4
*270,2,4
*280,2,3,4
*290,2
*300,3,2,4
*310,2,4
>10,2
>20,2
>30,2
>40,2
>50,2
>60,4
>70,4
>80,4
>90,4
>100,4
>110,4
>120,6
>130,8
>140,10
>150,10
>160,10
>170,10
>180,10
>190,12
>200,12
>210,12
>220,12
>230,12
>240,12
>250,12
>260,12
>270,12
>280,12
>290,14
>300,14
>310,14
