10,20,30,40,50,60,70,80,90,100,110,120,130,140,150,160,170,180,190,200,210,220,230,240,250,260,270,280,290,300,310,320
1,2,3,4,5,6,7,8,9,10,11,12,13,14,15,16,17,18,19,20,21,22,23,24,25,26,27,28,29,30,31,32,33,34,35,36,37,38,39,40,41,42,43,44,45,46,47,48,49,50
0,0,0,0,0,2,2,2,2,2,2,2,2,4,0,4,0,4,0,4,0,4,0,4,2,4,2,4,2,4,2,4,2,4,2,4,2,4,2,4,2,4,2,4,2,4,2,4,2,4
2,2,2,2,2,2,2,2,2,2,2,2,4,4,2,4,2,4,2,4,2,4,2,4,2,4,2,4,2,4,2,4,2,4,2,4,2,4,2,4,2,4,2,4,4,4,4,4,4,4
1,2,3,4,5
2
1315,1517,171930,192130
1,2,3,4,5,6,7,8,9,10
-10,1
-20,2
-30,3
-40,4
-50,5
-60,6
-70,7
-80,8
-90,9
-100,10
-110,11
-120,12
-130,13
-140,14
-150,15,16
-160,17,18
-170,19,20
-180,21,22
-190,23,24
-200,25,26
-210,27,28
-220,29,30
-230,31,32
-240,33,34
-250,35,36
-260,37,38
-270,39,40
-280,41,42
-290,43,44
-300,45,46
-310,47,48
-320,49,50
*10,4,2
*20,4,2
*30,4,3,2
*40,3,4,2
*50,3,4
*60,2,4
*70,4,2
*80,4
*90,4,2,3
*100,4,3
*110,4,3,2
*120,4,3,2
*130,4,3
*140,4,3
*150,2,3,4
*160,3,2
*170,2
*180,4,2
*190,2,4
*200,2,3
*210,3
*220,3
*230,2,3,4
*240,2,4
*250,4,2
*260,3,2,4
*270,3,2
*280,3,4
*290,4,2
*300,3,4
*310,4,3
*320,4,2
>10,2
>20,2
>30,2
>40,2
>50,2
>60,4
>70,4
>80,4
>90,4
>100,4
>110,4
>120,4
>130,6
>140,8
>150,10
>160,10
>170,10
>180,10
>190,10
>200,12
>210,12
>220,12
>230,12
>240,12
>250,12
>260,12
>270,12
>280,12
>290,12
>300,14
>310,14
>320,14
