10,20,30,40,50,60,70,80,90,100,110,120,130,140,150,160,170,180,190,200,210,220,230,240,250,260,270,280,290,300,310,320,330,340,350,360,370,380,390,400
1,2,3,4,5,6,7,8,9,10,11,12,13,14,15,16,17,18,19,20,21,22,23,24,25,26,27,28,29,30,31,32,33,34,35,36,37,38,39,40,41,42,43,44,45,46,47,48,49,50,51,52,53,54,55,56,57,58,59,60,61,62
0,0,0,0,0,0,2,2,2,2,2,2,2,2,2,2,4,4,0,4,0,4,0,4,0,4,0,4,0,4,2,4,2,4,2,4,2,4,2,4,2,4,2,4,2,4,2,4,2,4,2,4,2,4,2,4,2,4,2,4,2,4
2,2,2,2,2,2,2,2,2,2,2,2,2,2,4,4,4,4,2,4,2,4,2,4,2,4,2,4,2,4,2,4,2,4,2,4,2,4,2,4,2,4,2,4,2,4,2,4,2,4,2,4,2,4,4,4,4,4,4,4,4,4
1,2,3,4,5
1
1315,1517,171930,192130
1,2,3,4,5,6,7,8,9,10
-10,1
-20,2
-30,3
-40,4
-50,5
-60,6
-70,7
-80,8
-90,9
-100,10
-110,11
-120,12
-130,13
-140,14
-150,15
-160,16
-170,17
-180,18
-190,19,20
-200,21,22
-210,23,24
-220,25,26
-230,27,28
-240,29,30
-250,31,32
-260,33,34
-270,35,36
-280,37,38
-290,39,40
-300,41,42
-310,43,44
-320,45,46
-330,47,48
-340,49,50
-350,51,52
-360,53,54
-370,55,56
-380,57,58
-390,59,60
-400,61,62
*10,4,3,2
*20,3,4
*30,2,4
*40,2,3
*50,2,3,4
*60,2,4
*70,2,3,4
*80,4
*90,3,4,2
*100,3
*110,2,3,4
*120,2,3
*130,2,3
*140,3,2,4
*150,3,4
*160,2,4
*170,2,4
*180,2
*190,4,2,3
*200,4,2
*210,2,4
*220,2,4
*230,2,4,3
*240,4,2
*250,2,4
*260,2,4
*270,3,2
*280,4,3
*290,2
*300,4,2
*310,2,4
*320,2,4
*330,4,2
*340,4,3
*350,2,4
*360,2,4
*370,4,3
*380,2,3
*390,2,4,3
*400,2,4
>10,2
>20,2
>30,2
>40,2
>50,2
>60,2
>70,4
>80,4
>90,4
>100,4
>110,4
>120,4
>130,4
>140,4
>150,6
>160,6
>170,8
>180,8
>190,10
>200,10
>210,10
>220,10
>230,10
>240,10
>250,12
>260,12
>270,12
>280,12
>290,12
>300,12
>310,12
>320,12
>330,12
>340,12
>350,12
>360,12
>370,14
>380,14
>390,14
>400,14
