10,20,30,40,50,60,70,80,90,100,110,120,130,140,150,160,170,180,190,200,210,220,230,240,250,260,270,280,290,300,310,320,330,340,350,360,370,380,390,400,410,420
1,2,3,4,5,6,7,8,9,10,11,12,13,14,15,16,17,18,19,20,21,22,23,24,25,26,27,28,29,30,31,32,33,34,35,36,37,38,39,40,41,42,43,44,45,46,47,48,49,50,51,52,53,54,55,56,57,58,59,60,61,62,63,64,65
0,0,0,0,0,0,2,2,2,2,2,2,2,2,2,2,2,4,4,0,4,0,4,0,4,0,4,0,4,0,4,2,4,2,4,2,4,2,4,2,4,2,4,2,4,2,4,2,4,2,4,2,4,2,4,2,4,2,4,2,4,2,4,2,4
2,2,2,2,2,2,2,2,2,2,2,2,2,2,2,4,4,4,4,2,4,2,4,2,4,2,4,2,4,2,4,2,4,2,4,2,4,2,4,2,4,2,4,2,4,2,4,2,4,2,4,2,4,2,4,2,4,4,4,4,4,4,4,4,4
1,2,3,4,5
4
1315,1517,171930,192130
1,2,3,4,5,6,7,8,9,10
-10,1
-20,2
-30,3
-40,4
-50,5
-60,6
-70,7
-80,8
-90,9
-100,10
-110,11
-120,12
-130,13
-140,14
-150,15
-160,16
-170,17
-180,18
-190,19
-200,20,21
-210,22,23
-220,24,25
-230,26,27
-240,28,29
-250,30,31
-260,32,33
-270,34,35
-280,36,37
-290,38,39
-300,40,41
-310,42,43
-320,44,45
-330,46,47
-340,48,49
-350,50,51
-360,52,53
-370,54,55
-380,56,57
-390,58,59
-400,60,61
-410,62,63
-420,64,65
*10,4,3,2
*20,2,4
*30,3,4
*40,4,3
*50,4,2
*60,4,2
*70,4,3
*80,2,4
*90,4
*100,4,3,2
*110,4,2,3
*120,4,3
*130,2,3
*140,4,3,2
*150,2,4
*160,2,4
*170,2,4
*180,2,3
*190,4,3
*200,4,2
*210,4,2
*220,4,3,2
*230,2
*240,2,4
*250,2,4
*260,3,4,2
*270,4
*280,4,2,3
*290,2,4
*300,3,2,4
*310,2,4,3
*320,2,3
*330,3,2,4
*340,3,4
*350,3
*360,3,2
*370,4,3
*380,3,4
*390,2,4,3
*400,3,4,2
*410,3,4
*420,2,3,4
>10,2
>20,2
>30,2
>40,2
>50,2
>60,2
>70,4
>80,4
>90,4
>100,4
>110,4
>120,4
>130,4
>140,4
>150,4
>160,6
>170,6
>180,8
>190,8
>200,10
>210,10
>220,10
>230,10
>240,10
>250,10
>260,12
>270,12
>280,12
>290,12
>300,12
>310,12
>320,12
>330,12
>340,12
>350,12
>360,12
>370,12
>380,12
>390,14
>400,14
>410,14
>420,14
