10,20,30,40,50,60,70,80,90,100,110,120,130,140,150,160,170,180,190,200,210,220,230,240,250,260,270,280,290,300,310,320,330,340,350,360,370,380,390,400,410,420,430,440,450
1,2,3,4,5,6,7,8,9,10,11,12,13,14,15,16,17,18,19,20,21,22,23,24,25,26,27,28,29,30,31,32,33,34,35,36,37,38,39,40,41,42,43,44,45,46,47,48,49,50,51,52,53,54,55,56,57,58,59,60,61,62,63,64,65,66,67,68,69,70
0,0,0,0,0,0,0,2,2,2,2,2,2,2,2,2,2,2,4,4,0,4,0,4,0,4,0,4,0,4,0,4,0,4,2,4,2,4,2,4,2,4,2,4,2,4,2,4,2,4,2,4,2,4,2,4,2,4,2,4,2,4,2,4,2,4,2,4,2,4
2,2,2,2,2,2,2,2,2,2,2,2,2,2,2,2,4,4,4,4,2,4,2,4,2,4,2,4,2,4,2,4,2,4,2,4,2,4,2,4,2,4,2,4,2,4,2,4,2,4,2,4,2,4,2,4,2,4,2,4,2,4,4,4,4,4,4,4,4,4
1,2,3,4,5
5
1315,1517,171930,192130
1,2,3,4,5,6,7,8,9,10
-10,1
-20,2
-30,3
-40,4
-50,5
-60,6
-70,7
-80,8
-90,9
-100,10
-110,11
-120,12
-130,13
-140,14
-150,15
-160,16
-170,17
-180,18
-190,19
-200,20
-210,21,22
-220,23,24
-230,25,26
-240,27,28
-250,29,30
-260,31,32
-270,33,34
-280,35,36
-290,37,38
-300,39,40
-310,41,42
-320,43,44
-330,45,46
-340,47,48
-350,49,50
-360,51,52
-370,53,54
-380,55,56
-390,57,58
-400,59,60
-410,61,62
-420,63,64
-430,65,66
-440,67,68
-450,69,70
*10,3,4
*20,4
*30,2,4,3
*40,3,2
*50,2,4,3
*60,2,3,4
*70,2,3,4
*80,3
*90,2,4
*100,3,4,2
*110,4,3
*120,3,4
*130,3,4
*140,3,4
*150,3,4,2
*160,4,3
*170,3,4
*180,3,2
*190,3,2
*200,2,4
*210,4,3
*220,3,4,2
*230,2,4
*240,2
*250,4,2,3
*260,3,2
*270,4,3
*280,4,2
*290,3,4,2
*300,2,3,4
*310,2,4
*320,3,4
*330,4,3
*340,3,4
*350,3,2
*360,3
*370,2
*380,2,3,4
*390,2,4,3
*400,3,2
*410,4,2
*420,4,3,2
*430,2,3
*440,2,4
*450,2,4
>10,2
>20,2
>30,2
>40,2
>50,2
>60,2
>70,2
>80,4
>90,4
>100,4
>110,4
>120,4
>130,4
>140,4
>150,4
>160,4
>170,6
>180,6
>190,8
>200,8
>210,10
>220,10
>230,10
>240,10
>250,10
>260,10
>270,10
>280,12
>290,12
>300,12
>310,12
>320,12
>330,12
>340,12
>350,12
>360,12
>370,12
>380,12
>390,12
>400,12
>410,12
>420,14
>430,14
>440,14
>450,14
