10,20,30,40,50,60,70,80,90,100,110,120,130,140,150,160,170,180,190,200,210,220,230,240,250,260,270,280,290,300,310,320,330,340,350,360,370,380,390,400,410,420,430,440,450,460,470,480
1,2,3,4,5,6,7,8,9,10,11,12,13,14,15,16,17,18,19,20,21,22,23,24,25,26,27,28,29,30,31,32,33,34,35,36,37,38,39,40,41,42,43,44,45,46,47,48,49,50,51,52,53,54,55,56,57,58,59,60,61,62,63,64,65,66,67,68,69,70,71,72,73,74,75
0,0,0,0,0,0,0,2,2,2,2,2,2,2,2,2,2,2,2,4,4,0,4,0,4,0,4,0,4,0,4,0,4,0,4,2,4,2,4,2,4,2,4,2,4,2,4,2,4,2,4,2,4,2,4,2,4,2,4,2,4,2,4,2,4,2,4,2,4,2,4,2,4,2,4
2,2,2,2,2,2,2,2,2,2,2,2,2,2,2,2,2,4,4,4,4,2,4,2,4,2,4,2,4,2,4,2,4,2,4,2,4,2,4,2,4,2,4,2,4,2,4,2,4,2,4,2,4,2,4,2,4,2,4,2,4,2,4,2,4,4,4,4,4,4,4,4,4,4,4
1,2,3,4,5
5
1315,1517,171930,192130
1,2,3,4,5,6,7,8,9,10
-10,1
-20,2
-30,3
-40,4
-50,5
-60,6
-70,7
-80,8
-90,9
-100,10
-110,11
-120,12
-130,13
-140,14
-150,15
-160,16
-170,17
-180,18
-190,19
-200,20
-210,21
-220,22,23
-230,24,25
-240,26,27
-250,28,29
-260,30,31
-270,32,33
-280,34,35
-290,36,37
-300,38,39
-310,40,41
-320,42,43
-330,44,45
-340,46,47
-350,48,49
-360,50,51
-370,52,53
-380,54,55
-390,56,57
-400,58,59
-410,60,61
-420,62,63
-430,64,65
-440,66,67
-450,68,69
-460,70,71
-470,72,73
-480,74,75
*10,3,2
*20,2,3
*30,4,2,3
*40,3,4,2
*50,3,2,4
*60,4
*70,4
*80,4,2
*90,4,3
*100,2,4
*110,4,2
*120,2,4
*130,3
*140,2,3
*150,4,2
*160,4,2
*170,4,3
*180,3,4,2
*190,3,2
*200,2
*210,4,3
*220,3,4
*230,2,3
*240,2,4,3
*250,4,3
*260,2,3
*270,3,4
*280,4,2
*290,3,4
*300,2,4,3
*310,2,3
*320,4,2
*330,4,2,3
*340,3,2
*350,2,3
*360,4,3
*370,2,3,4
*380,4,2
*390,3,2
*400,4,3
*410,2,3,4
*420,4,2
*430,4,3
*440,3,2,4
*450,4,3,2
*460,2,3,4
*470,4,3
*480,4
>10,2
>20,2
>30,2
>40,2
>50,2
>60,2
>70,2
>80,4
>90,4
>100,4
>110,4
>120,4
>130,4
>140,4
>150,4
>160,4
>170,4
>180,6
>190,6
>200,8
>210,8
>220,10
>230,10
>240,10
>250,10
>260,10
>270,10
>280,10
>290,12
>300,12
>310,12
>320,12
>330,12
>340,12
>350,12
>360,12
>370,12
>380,12
>390,12
>400,12
>410,12
>420,12
>430,12
>440,14
>450,14
>460,14
>470,14
>480,14
