10,20,30,40,50,60,70,80,90,100,110,120,130,140,150,160,170,180,190,200,210,220,230,240,250,260,270,280,290,300,310,320,330,340,350,360,370,380,390,400,410,420,430,440,450,460,470,480,490,500,510
1,2,3,4,5,6,7,8,9,10,11,12,13,14,15,16,17,18,19,20,21,22,23,24,25,26,27,28,29,30,31,32,33,34,35,36,37,38,39,40,41,42,43,44,45,46,47,48,49,50,51,52,53,54,55,56,57,58,59,60,61,62,63,64,65,66,67,68,69,70,71,72,73,74,75,76,77,78,79,80
0,0,0,0,0,0,0,0,2,2,2,2,2,2,2,2,2,2,2,2,4,4,0,4,0,4,0,4,0,4,0,4,0,4,0,4,0,4,2,4,2,4,2,4,2,4,2,4,2,4,2,4,2,4,2,4,2,4,2,4,2,4,2,4,2,4,2,4,2,4,2,4,2,4,2,4,2,4,2,4
2,2,2,2,2,2,2,2,2,2,2,2,2,2,2,2,2,2,4,4,4,4,2,4,2,4,2,4,2,4,2,4,2,4,2,4,2,4,2,4,2,4,2,4,2,4,2,4,2,4,2,4,2,4,2,4,2,4,2,4,2,4,2,4,2,4,2,4,2,4,4,4,4,4,4,4,4,4,4,4
1,2,3,4,5
5
1315,1517,171930,192130
1,2,3,4,5,6,7,8,9,10
-10,1
-20,2
-30,3
-40,4
-50,5
-60,6
-70,7
-80,8
-90,9
-100,10
-110,11
-120,12
-130,13
-140,14
-150,15
-160,16
-170,17
-180,18
-190,19
-200,20
-210,21
-220,22
-230,23,24
-240,25,26
-250,27,28
-260,29,30
-270,31,32
-280,33,34
-290,35,36
-300,37,38
-310,39,40
-320,41,42
-330,43,44
-340,45,46
-350,47,48
-360,49,50
-370,51,52
-380,53,54
-390,55,56
-400,57,58
-410,59,60
-420,61,62
-430,63,64
-440,65,66
-450,67,68
-460,69,70
-470,71,72
-480,73,74
-490,75,76
-500,77,78
-510,79,80
*10,2
*20,4,3
*30,3,2,4
*40,2,3,4
*50,2
*60,4,2,3
*70,4,3,2
*80,3,2,4
*90,2
*100,2,4
*110,4
*120,2,4
*130,3,2
*140,4,2
*150,4,2
*160,4,3
*170,4,3
*180,3
*190,2,3
*200,2,4
*210,3
*220,2,4,3
*230,4,2
*240,2,3
*250,4,3
*260,4,2,3
*270,4,3
*280,3,4
*290,3,4
*300,4,2,3
*310,4,2
*320,4,2
*330,4
*340,4,3
*350,4,2,3
*360,4,2
*370,2,4
*380,2,4,3
*390,4,2
*400,3
*410,3,2
*420,3,2,4
*430,3
*440,2,3
*450,4,3
*460,4
*470,2,4
*480,2,3,4
*490,4
*500,2,3,4
*510,2
>10,2
>20,2
>30,2
>40,2
>50,2
>60,2
>70,2
>80,2
>90,4
>100,4
>110,4
>120,4
>130,4
>140,4
>150,4
>160,4
>170,4
>180,4
>190,6
>200,6
>210,8
>220,8
>230,10
>240,10
>250,10
>260,10
>270,10
>280,10
>290,10
>300,10
>310,12
>320,12
>330,12
>340,12
>350,12
>360,12
>370,12
>380,12
>390,12
>400,12
>410,12
>420,12
>430,12
>440,12
>450,12
>460,12
>470,14
>480,14
>490,14
>500,14
>510,14
