10,20,30,40,50,60,70,80,90,100,110,120,130,140,150,160,170,180,190,200,210,220,230,240,250,260,270,280,290,300,310,320,330,340,350,360,370,380,390,400,410,420,430,440,450,460,470,480,490,500,510,520
1,2,3,4,5,6,7,8,9,10,11,12,13,14,15,16,17,18,19,20,21,22,23,24,25,26,27,28,29,30,31,32,33,34,35,36,37,38,39,40,41,42,43,44,45,46,47,48,49,50,51,52,53,54,55,56,57,58,59,60,61,62,63,64,65,66,67,68,69,70,71,72,73,74,75,76,77,78,79,80,81
0,0,0,0,0,0,0,0,2,2,2,2,2,2,2,2,2,2,2,2,2,4,4,0,4,0,4,0,4,0,4,0,4,0,4,0,4,0,4,2,4,2,4,2,4,2,4,2,4,2,4,2,4,2,4,2,4,2,4,2,4,2,4,2,4,2,4,2,4,2,4,2,4,2,4,2,4,2,4,2,4
2,2,2,2,2,2,2,2,2,2,2,2,2,2,2,2,2,2,2,4,4,4,4,2,4,2,4,2,4,2,4,2,4,2,4,2,4,2,4,2,4,2,4,2,4,2,4,2,4,2,4,2,4,2,4,2,4,2,4,2,4,2,4,2,4,2,4,2,4,2,4,4,4,4,4,4,4,4,4,4,4
1,2,3,4,5
5
1315,1517,171930,192130
1,2,3,4,5,6,7,8,9,10
-10,1
-20,2
-30,3
-40,4
-50,5
-60,6
-70,7
-80,8
-90,9
-100,10
-110,11
-120,12
-130,13
-140,14
-150,15
-160,16
-170,17
-180,18
-190,19
-200,20
-210,21
-220,22
-230,23
-240,24,25
-250,26,27
-260,28,29
-270,30,31
-280,32,33
-290,34,35
-300,36,37
-310,38,39
-320,40,41
-330,42,43
-340,44,45
-350,46,47
-360,48,49
-370,50,51
-380,52,53
-390,54,55
-400,56,57
-410,58,59
-420,60,61
-430,62,63
-440,64,65
-450,66,67
-460,68,69
-470,70,71
-480,72,73
-490,74,75
-500,76,77
-510,78,79
-520,80,81
*10,3,4
*20,4,3,2
*30,3,4
*40,3,4
*50,2,4
*60,3,4
*70,3
*80,4,2
*90,2,4
*100,4,3
*110,3,2
*120,3,2
*130,4,2
*140,2,4,3
*150,3,2
*160,3
*170,3,4
*180,2,4
*190,3,4,2
*200,3,2
*210,3
*220,2,3
*230,2,4,3
*240,2,3
*250,3,2
*260,4,2,3
*270,3,2
*280,4,3
*290,4,2
*300,4,3
*310,3,2
*320,4,2,3
*330,3
*340,4,3
*350,4,3
*360,3
*370,4,3
*380,3,2,4
*390,4
*400,3,2,4
*410,3
*420,4
*430,3,2,4
*440,2,4
*450,2,4,3
*460,2,3
*470,4,3,2
*480,2
*490,3,4
*500,4,3,2
*510,3
*520,4,3
>10,2
>20,2
>30,2
>40,2
>50,2
>60,2
>70,2
>80,2
>90,4
>100,4
>110,4
>120,4
>130,4
>140,4
>150,4
>160,4
>170,4
>180,4
>190,4
>200,6
>210,6
>220,8
>230,8
>240,10
>250,10
>260,10
>270,10
>280,10
>290,10
>300,10
>310,10
>320,12
>330,12
>340,12
>350,12
>360,12
>370,12
>380,12
>390,12
>400,12
>410,12
>420,12
>430,12
>440,12
>450,12
>460,12
>470,12
>480,14
>490,14
>500,14
>510,14
>520,14
