10,20,30,40,50,60,70,80,90,100,110,120,130,140,150,160,170,180,190,200,210,220,230,240,250,260,270,280,290,300,310,320,330,340,350,360,370,380,390,400,410,420,430,440,450,460,470,480,490,500,510,520,530
1,2,3,4,5,6,7,8,9,10,11,12,13,14,15,16,17,18,19,20,21,22,23,24,25,26,27,28,29,30,31,32,33,34,35,36,37,38,39,40,41,42,43,44,45,46,47,48,49,50,51,52,53,54,55,56,57,58,59,60,61,62,63,64,65,66,67,68,69,70,71,72,73,74,75,76,77,78,79,80,81,82,83
0,0,0,0,0,0,0,0,2,2,2,2,2,2,2,2,2,2,2,2,2,4,4,0,4,0,4,0,4,0,4,0,4,0,4,0,4,0,4,2,4,2,4,2,4,2,4,2,4,2,4,2,4,2,4,2,4,2,4,2,4,2,4,2,4,2,4,2,4,2,4,2,4,2,4,2,4,2,4,2,4,2,4
2,2,2,2,2,2,2,2,2,2,2,2,2,2,2,2,2,2,2,4,4,4,4,2,4,2,4,2,4,2,4,2,4,2,4,2,4,2,4,2,4,2,4,2,4,2,4,2,4,2,4,2,4,2,4,2,4,2,4,2,4,2,4,2,4,2,4,2,4,2,4,2,4,4,4,4,4,4,4,4,4,4,4
1,2,3,4,5
2
1315,1517,171930,192130
1,2,3,4,5,6,7,8,9,10
-10,1
-20,2
-30,3
-40,4
-50,5
-60,6
-70,7
-80,8
-90,9
-100,10
-110,11
-120,12
-130,13
-140,14
-150,15
-160,16
-170,17
-180,18
-190,19
-200,20
-210,21
-220,22
-230,23
-240,24,25
-250,26,27
-260,28,29
-270,30,31
-280,32,33
-290,34,35
-300,36,37
-310,38,39
-320,40,41
-330,42,43
-340,44,45
-350,46,47
-360,48,49
-370,50,51
-380,52,53
-390,54,55
-400,56,57
-410,58,59
-420,60,61
-430,62,63
-440,64,65
-450,66,67
-460,68,69
-470,70,71
-480,72,73
-490,74,75
-500,76,77
-510,78,79
-520,80,81
-530,82,83
*10,3,4
*20,4,3
*30,4,3,2
*40,2,4,3
*50,2,3
*60,4,3,2
*70,2,3
*80,2,4
*90,4,2
*100,2
*110,3,4,2
*120,3,2
*130,2,3
*140,2,4
*150,4
*160,4,2
*170,3,2
*180,4,2
*190,4,3
*200,3,4,2
*210,4,3
*220,4,3,2
*230,3,4
*240,2,3
*250,3
*260,2,4
*270,3,2
*280,4,2
*290,2,3,4
*300,3,2
*310,4,3
*320,3,2
*330,2,3,4
*340,3
*350,3,4
*360,3,4
*370,2,3,4
*380,2,3,4
*390,2
*400,3,4,2
*410,2,3,4
*420,4,2,3
*430,3,2
*440,2,3
*450,4,2,3
*460,2,3
*470,3,4
*480,3,4,2
*490,3,4
*500,3
*510,4
*520,2,3,4
*530,3
>10,2
>20,2
>30,2
>40,2
>50,2
>60,2
>70,2
>80,2
>90,4
>100,4
>110,4
>120,4
>130,4
>140,4
>150,4
>160,4
>170,4
>180,4
>190,4
>200,6
>210,6
>220,8
>230,8
>240,10
>250,10
>260,10
>270,10
>280,10
>290,10
>300,10
>310,10
>320,12
>330,12
>340,12
>350,12
>360,12
>370,12
>380,12
>390,12
>400,12
>410,12
>420,12
>430,12
>440,12
>450,12
>460,12
>470,12
>480,12
>490,14
>500,14
>510,14
>520,14
>530,14
