10,20,30,40,50,60,70,80,90,100,110,120,130,140,150,160,170,180,190,200,210,220,230,240,250,260,270,280,290,300,310,320,330,340,350,360,370,380,390,400,410,420,430,440,450,460,470,480,490,500,510,520,530,540,550,560,570,580,590,600
1,2,3,4,5,6,7,8,9,10,11,12,13,14,15,16,17,18,19,20,21,22,23,24,25,26,27,28,29,30,31,32,33,34,35,36,37,38,39,40,41,42,43,44,45,46,47,48,49,50,51,52,53,54,55,56,57,58,59,60,61,62,63,64,65,66,67,68,69,70,71,72,73,74,75,76,77,78,79,80,81,82,83,84,85,86,87,88,89,90,91,92,93
0,0,0,0,0,0,0,0,0,2,2,2,2,2,2,2,2,2,2,2,2,2,2,2,4,4,4,0,4,0,4,0,4,0,4,0,4,0,4,0,4,0,4,0,4,2,4,2,4,2,4,2,4,2,4,2,4,2,4,2,4,2,4,2,4,2,4,2,4,2,4,2,4,2,4,2,4,2,4,2,4,2,4,2,4,2,4,2,4,2,4,2,4
2,2,2,2,2,2,2,2,2,2,2,2,2,2,2,2,2,2,2,2,2,4,4,4,4,4,4,2,4,2,4,2,4,2,4,2,4,2,4,2,4,2,4,2,4,2,4,2,4,2,4,2,4,2,4,2,4,2,4,2,4,2,4,2,4,2,4,2,4,2,4,2,4,2,4,2,4,2,4,2,4,4,4,4,4,4,4,4,4,4,4,4,4
1,2,3,4,5
4
1315,1517,171930,192130
1,2,3,4,5,6,7,8,9,10
-10,1
-20,2
-30,3
-40,4
-50,5
-60,6
-70,7
-80,8
-90,9
-100,10
-110,11
-120,12
-130,13
-140,14
-150,15
-160,16
-170,17
-180,18
-190,19
-200,20
-210,21
-220,22
-230,23
-240,24
-250,25
-260,26
-270,27
-280,28,29
-290,30,31
-300,32,33
-310,34,35
-320,36,37
-330,38,39
-340,40,41
-350,42,43
-360,44,45
-370,46,47
-380,48,49
-390,50,51
-400,52,53
-410,54,55
-420,56,57
-430,58,59
-440,60,61
-450,62,63
-460,64,65
-470,66,67
-480,68,69
-490,70,71
-500,72,73
-510,74,75
-520,76,77
-530,78,79
-540,80,81
-550,82,83
-560,84,85
-570,86,87
-580,88,89
-590,90,91
-600,92,93
*10,2,3
*20,2,3
*30,2
*40,4,3
*50,4,3
*60,2,4
*70,4,3
*80,3
*90,2,3
*100,2,4
*110,3
*120,4,3
*130,3,2
*140,2,4
*150,4,3
*160,2,3
*170,2,3
*180,3,4,2
*190,2,3
*200,4,3,2
*210,4,3
*220,3,2,4
*230,2,3
*240,2,4
*250,2,3
*260,2,4
*270,3,2
*280,2,3,4
*290,4,3,2
*300,4
*310,2,3,4
*320,2
*330,3,2
*340,4,2,3
*350,2,4,3
*360,3,4,2
*370,2,3
*380,3,2,4
*390,2,4
*400,2
*410,2,4
*420,4,3
*430,2,4,3
*440,2,4,3
*450,2,3
*460,3,2
*470,3,2,4
*480,4,2
*490,3,4
*500,3,2
*510,4,3
*520,3,2,4
*530,2,3,4
*540,4,2
*550,4,3
*560,2,3
*570,2
*580,4,2
*590,4,2
*600,4,2
>10,2
>20,2
>30,2
>40,2
>50,2
>60,2
>70,2
>80,2
>90,2
>100,4
>110,4
>120,4
>130,4
>140,4
>150,4
>160,4
>170,4
>180,4
>190,4
>200,4
>210,4
>220,6
>230,6
>240,6
>250,8
>260,8
>270,8
>280,10
>290,10
>300,10
>310,10
>320,10
>330,10
>340,10
>350,10
>360,10
>370,12
>380,12
>390,12
>400,12
>410,12
>420,12
>430,12
>440,12
>450,12
>460,12
>470,12
>480,12
>490,12
>500,12
>510,12
>520,12
>530,12
>540,12
>550,14
>560,14
>570,14
>580,14
>590,14
>600,14
