10,20,30,40,50,60,70,80,90,100,110,120,130,140,150,160,170,180,190,200,210,220,230,240,250,260,270,280,290,300,310,320,330,340,350,360,370,380,390,400,410,420,430,440,450,460,470,480,490,500,510,520,530,540,550,560,570,580,590,600,610,620
1,2,3,4,5,6,7,8,9,10,11,12,13,14,15,16,17,18,19,20,21,22,23,24,25,26,27,28,29,30,31,32,33,34,35,36,37,38,39,40,41,42,43,44,45,46,47,48,49,50,51,52,53,54,55,56,57,58,59,60,61,62,63,64,65,66,67,68,69,70,71,72,73,74,75,76,77,78,79,80,81,82,83,84,85,86,87,88,89,90,91,92,93,94,95,96
0,0,0,0,0,0,0,0,0,2,2,2,2,2,2,2,2,2,2,2,2,2,2,2,2,4,4,4,0,4,0,4,0,4,0,4,0,4,0,4,0,4,0,4,0,4,2,4,2,4,2,4,2,4,2,4,2,4,2,4,2,4,2,4,2,4,2,4,2,4,2,4,2,4,2,4,2,4,2,4,2,4,2,4,2,4,2,4,2,4,2,4,2,4,2,4
2,2,2,2,2,2,2,2,2,2,2,2,2,2,2,2,2,2,2,2,2,2,4,4,4,4,4,4,2,4,2,4,2,4,2,4,2,4,2,4,2,4,2,4,2,4,2,4,2,4,2,4,2,4,2,4,2,4,2,4,2,4,2,4,2,4,2,4,2,4,2,4,2,4,2,4,2,4,2,4,2,4,2,4,4,4,4,4,4,4,4,4,4,4,4,4
1,2,3,4,5
1
1315,1517,171930,192130
1,2,3,4,5,6,7,8,9,10
-10,1
-20,2
-30,3
-40,4
-50,5
-60,6
-70,7
-80,8
-90,9
-100,10
-110,11
-120,12
-130,13
-140,14
-150,15
-160,16
-170,17
-180,18
-190,19
-200,20
-210,21
-220,22
-230,23
-240,24
-250,25
-260,26
-270,27
-280,28
-290,29,30
-300,31,32
-310,33,34
-320,35,36
-330,37,38
-340,39,40
-350,41,42
-360,43,44
-370,45,46
-380,47,48
-390,49,50
-400,51,52
-410,53,54
-420,55,56
-430,57,58
-440,59,60
-450,61,62
-460,63,64
-470,65,66
-480,67,68
-490,69,70
-500,71,72
-510,73,74
-520,75,76
-530,77,78
-540,79,80
-550,81,82
-560,83,84
-570,85,86
-580,87,88
-590,89,90
-600,91,92
-610,93,94
-620,95,96
*10,4,3
*20,4,2,3
*30,4,2
*40,2,3,4
*50,2,4,3
*60,3,4
*70,2
*80,3,4,2
*90,3,2,4
*100,3,2
*110,2,3
*120,2,3
*130,4,2
*140,3,4
*150,2
*160,3,2,4
*170,4,3
*180,3,4
*190,4,2
*200,2
*210,3,2
*220,2,4
*230,3,2
*240,4,3
*250,2,3
*260,2,4
*270,4,2
*280,2,4
*290,2,3
*300,3,2,4
*310,4
*320,3,2,4
*330,3,2
*340,3,4
*350,2
*360,2,4,3
*370,4,3
*380,2,4
*390,3,4
*400,4,3
*410,2,4,3
*420,3,4
*430,3,4
*440,4,2
*450,2,3
*460,4,3
*470,4,2
*480,3,2,4
*490,4
*500,4,3
*510,3,2
*520,4,2,3
*530,3,4
*540,3,4,2
*550,2,4,3
*560,4,3
*570,3,2
*580,4,2,3
*590,4
*600,2,3
*610,4,2
*620,3,4
>10,2
>20,2
>30,2
>40,2
>50,2
>60,2
>70,2
>80,2
>90,2
>100,4
>110,4
>120,4
>130,4
>140,4
>150,4
>160,4
>170,4
>180,4
>190,4
>200,4
>210,4
>220,4
>230,6
>240,6
>250,6
>260,8
>270,8
>280,8
>290,10
>300,10
>310,10
>320,10
>330,10
>340,10
>350,10
>360,10
>370,10
>380,12
>390,12
>400,12
>410,12
>420,12
>430,12
>440,12
>450,12
>460,12
>470,12
>480,12
>490,12
>500,12
>510,12
>520,12
>530,12
>540,12
>550,12
>560,12
>570,14
>580,14
>590,14
>600,14
>610,14
>620,14
