10,20,30,40,50,60,70,80,90,100,110,120,130,140,150,160,170,180,190,200,210,220,230,240,250,260,270,280,290,300,310,320,330,340,350,360,370,380,390,400,410,420,430,440,450,460,470,480,490,500,510,520,530,540,550,560,570,580,590,600,610,620,630,640,650,660,670,680
1,2,3,4,5,6,7,8,9,10,11,12,13,14,15,16,17,18,19,20,21,22,23,24,25,26,27,28,29,30,31,32,33,34,35,36,37,38,39,40,41,42,43,44,45,46,47,48,49,50,51,52,53,54,55,56,57,58,59,60,61,62,63,64,65,66,67,68,69,70,71,72,73,74,75,76,77,78,79,80,81,82,83,84,85,86,87,88,89,90,91,92,93,94,95,96,97,98,99,100,101,102,103,104,105,106
0,0,0,0,0,0,0,0,0,0,2,2,2,2,2,2,2,2,2,2,2,2,2,2,2,2,2,4,4,4,0,4,0,4,0,4,0,4,0,4,0,4,0,4,0,4,0,4,0,4,2,4,2,4,2,4,2,4,2,4,2,4,2,4,2,4,2,4,2,4,2,4,2,4,2,4,2,4,2,4,2,4,2,4,2,4,2,4,2,4,2,4,2,4,2,4,2,4,2,4,2,4,2,4,2,4
2,2,2,2,2,2,2,2,2,2,2,2,2,2,2,2,2,2,2,2,2,2,2,2,4,4,4,4,4,4,2,4,2,4,2,4,2,4,2,4,2,4,2,4,2,4,2,4,2,4,2,4,2,4,2,4,2,4,2,4,2,4,2,4,2,4,2,4,2,4,2,4,2,4,2,4,2,4,2,4,2,4,2,4,2,4,2,4,2,4,2,4,4,4,4,4,4,4,4,4,4,4,4,4,4,4
1,2,3,4,5
1
1315,1517,171930,192130
1,2,3,4,5,6,7,8,9,10
-10,1
-20,2
-30,3
-40,4
-50,5
-60,6
-70,7
-80,8
-90,9
-100,10
-110,11
-120,12
-130,13
-140,14
-150,15
-160,16
-170,17
-180,18
-190,19
-200,20
-210,21
-220,22
-230,23
-240,24
-250,25
-260,26
-270,27
-280,28
-290,29
-300,30
-310,31,32
-320,33,34
-330,35,36
-340,37,38
-350,39,40
-360,41,42
-370,43,44
-380,45,46
-390,47,48
-400,49,50
-410,51,52
-420,53,54
-430,55,56
-440,57,58
-450,59,60
-460,61,62
-470,63,64
-480,65,66
-490,67,68
-500,69,70
-510,71,72
-520,73,74
-530,75,76
-540,77,78
-550,79,80
-560,81,82
-570,83,84
-580,85,86
-590,87,88
-600,89,90
-610,91,92
-620,93,94
-630,95,96
-640,97,98
-650,99,100
-660,101,102
-670,103,104
-680,105,106
*10,3,2
*20,4
*30,3,2
*40,2,4
*50,2,3
*60,3,2
*70,2,3
*80,2,3,4
*90,4
*100,2,3
*110,4,2,3
*120,2,4
*130,3,4,2
*140,4,3
*150,2
*160,3
*170,3,4
*180,2,3
*190,2,3
*200,2,3
*210,4
*220,2,3
*230,4,3
*240,2
*250,3,4
*260,3,2
*270,4,2
*280,4,3
*290,2,3
*300,4
*310,3,2
*320,2,3
*330,2,4,3
*340,4,2
*350,2,4,3
*360,3,2
*370,4
*380,4,2
*390,3,2,4
*400,2,4
*410,2,4,3
*420,4
*430,2,4
*440,2,3,4
*450,3
*460,2,4
*470,3,2
*480,2,3
*490,4,3
*500,4,2
*510,4,2,3
*520,2,3
*530,3,4
*540,2,3
*550,3,4,2
*560,2,3
*570,3,4
*580,2
*590,3,2
*600,2,4
*610,4,2
*620,3,4,2
*630,3,2
*640,4,2,3
*650,3
*660,4,2
*670,3,2
*680,4,3,2
>10,2
>20,2
>30,2
>40,2
>50,2
>60,2
>70,2
>80,2
>90,2
>100,2
>110,4
>120,4
>130,4
>140,4
>150,4
>160,4
>170,4
>180,4
>190,4
>200,4
>210,4
>220,4
>230,4
>240,4
>250,6
>260,6
>270,6
>280,8
>290,8
>300,8
>310,10
>320,10
>330,10
>340,10
>350,10
>360,10
>370,10
>380,10
>390,10
>400,10
>410,12
>420,12
>430,12
>440,12
>450,12
>460,12
>470,12
>480,12
>490,12
>500,12
>510,12
>520,12
>530,12
>540,12
>550,12
>560,12
>570,12
>580,12
>590,12
>600,12
>610,12
>620,14
>630,14
>640,14
>650,14
>660,14
>670,14
>680,14
