10,20,30,40,50,60,70,80,90,100,110,120,130,140,150,160,170,180,190,200,210,220,230,240,250,260,270,280,290,300,310,320,330,340,350,360,370,380,390,400,410,420,430,440,450,460,470,480,490,500,510,520,530,540,550,560,570,580,590,600,610,620,630,640,650,660,670,680,690,700,710
1,2,3,4,5,6,7,8,9,10,11,12,13,14,15,16,17,18,19,20,21,22,23,24,25,26,27,28,29,30,31,32,33,34,35,36,37,38,39,40,41,42,43,44,45,46,47,48,49,50,51,52,53,54,55,56,57,58,59,60,61,62,63,64,65,66,67,68,69,70,71,72,73,74,75,76,77,78,79,80,81,82,83,84,85,86,87,88,89,90,91,92,93,94,95,96,97,98,99,100,101,102,103,104,105,106,107,108,109,110,111
0,0,0,0,0,0,0,0,0,0,0,2,2,2,2,2,2,2,2,2,2,2,2,2,2,2,2,2,4,4,4,0,4,0,4,0,4,0,4,0,4,0,4,0,4,0,4,0,4,0,4,0,4,2,4,2,4,2,4,2,4,2,4,2,4,2,4,2,4,2,4,2,4,2,4,2,4,2,4,2,4,2,4,2,4,2,4,2,4,2,4,2,4,2,4,2,4,2,4,2,4,2,4,2,4,2,4,2,4,2,4
2,2,2,2,2,2,2,2,2,2,2,2,2,2,2,2,2,2,2,2,2,2,2,2,2,4,4,4,4,4,4,2,4,2,4,2,4,2,4,2,4,2,4,2,4,2,4,2,4,2,4,2,4,2,4,2,4,2,4,2,4,2,4,2,4,2,4,2,4,2,4,2,4,2,4,2,4,2,4,2,4,2,4,2,4,2,4,2,4,2,4,2,4,2,4,2,4,4,4,4,4,4,4,4,4,4,4,4,4,4,4
1,2,3,4,5
1
1315,1517,171930,192130
1,2,3,4,5,6,7,8,9,10
-10,1
-20,2
-30,3
-40,4
-50,5
-60,6
-70,7
-80,8
-90,9
-100,10
-110,11
-120,12
-130,13
-140,14
-150,15
-160,16
-170,17
-180,18
-190,19
-200,20
-210,21
-220,22
-230,23
-240,24
-250,25
-260,26
-270,27
-280,28
-290,29
-300,30
-310,31
-320,32,33
-330,34,35
-340,36,37
-350,38,39
-360,40,41
-370,42,43
-380,44,45
-390,46,47
-400,48,49
-410,50,51
-420,52,53
-430,54,55
-440,56,57
-450,58,59
-460,60,61
-470,62,63
-480,64,65
-490,66,67
-500,68,69
-510,70,71
-520,72,73
-530,74,75
-540,76,77
-550,78,79
-560,80,81
-570,82,83
-580,84,85
-590,86,87
-600,88,89
-610,90,91
-620,92,93
-630,94,95
-640,96,97
-650,98,99
-660,100,101
-670,102,103
-680,104,105
-690,106,107
-700,108,109
-710,110,111
*10,2,4
*20,4,2
*30,3,2
*40,4
*50,4,2
*60,2,4
*70,4
*80,3,2,4
*90,4,3
*100,3,4,2
*110,2
*120,4,2
*130,2,3,4
*140,4,3
*150,4,3,2
*160,3,4
*170,2,4
*180,2,4
*190,3,4
*200,4,2
*210,3
*220,2
*230,2,3
*240,4,3
*250,4,3
*260,3,2
*270,2,3
*280,3,4
*290,4,3
*300,4,2
*310,2,4
*320,3,4
*330,2,4
*340,4,2,3
*350,4
*360,3,2
*370,2,3,4
*380,3,4
*390,2,4
*400,4,3
*410,3,4
*420,2,4
*430,4
*440,3,4
*450,2,4
*460,3,2
*470,4,2,3
*480,4
*490,4,2
*500,4,3
*510,2,3
*520,4
*530,3,4,2
*540,4,2
*550,2,4
*560,4,2,3
*570,2
*580,4,3,2
*590,4,2
*600,3,4
*610,4,3
*620,3,4
*630,4,3
*640,4
*650,4
*660,4,3
*670,3,4,2
*680,2,4
*690,2,4
*700,3,2
*710,2,4
>10,2
>20,2
>30,2
>40,2
>50,2
>60,2
>70,2
>80,2
>90,2
>100,2
>110,2
>120,4
>130,4
>140,4
>150,4
>160,4
>170,4
>180,4
>190,4
>200,4
>210,4
>220,4
>230,4
>240,4
>250,4
>260,6
>270,6
>280,6
>290,8
>300,8
>310,8
>320,10
>330,10
>340,10
>350,10
>360,10
>370,10
>380,10
>390,10
>400,10
>410,10
>420,10
>430,12
>440,12
>450,12
>460,12
>470,12
>480,12
>490,12
>500,12
>510,12
>520,12
>530,12
>540,12
>550,12
>560,12
>570,12
>580,12
>590,12
>600,12
>610,12
>620,12
>630,12
>640,12
>650,14
>660,14
>670,14
>680,14
>690,14
>700,14
>710,14
