10,20,30,40,50,60,70,80,90,100,110,120,130,140,150,160,170,180,190,200,210,220,230,240,250,260,270,280,290,300,310,320,330,340,350,360,370,380,390,400,410,420,430,440,450,460,470,480,490,500,510,520,530,540,550,560,570,580,590,600,610,620,630,640,650,660,670,680,690,700,710,720
1,2,3,4,5,6,7,8,9,10,11,12,13,14,15,16,17,18,19,20,21,22,23,24,25,26,27,28,29,30,31,32,33,34,35,36,37,38,39,40,41,42,43,44,45,46,47,48,49,50,51,52,53,54,55,56,57,58,59,60,61,62,63,64,65,66,67,68,69,70,71,72,73,74,75,76,77,78,79,80,81,82,83,84,85,86,87,88,89,90,91,92,93,94,95,96,97,98,99,100,101,102,103,104,105,106,107,108,109,110,111,112
0,0,0,0,0,0,0,0,0,0,0,2,2,2,2,2,2,2,2,2,2,2,2,2,2,2,2,2,2,4,4,4,0,4,0,4,0,4,0,4,0,4,0,4,0,4,0,4,0,4,0,4,0,4,2,4,2,4,2,4,2,4,2,4,2,4,2,4,2,4,2,4,2,4,2,4,2,4,2,4,2,4,2,4,2,4,2,4,2,4,2,4,2,4,2,4,2,4,2,4,2,4,2,4,2,4,2,4,2,4,2,4
2,2,2,2,2,2,2,2,2,2,2,2,2,2,2,2,2,2,2,2,2,2,2,2,2,2,4,4,4,4,4,4,2,4,2,4,2,4,2,4,2,4,2,4,2,4,2,4,2,4,2,4,2,4,2,4,2,4,2,4,2,4,2,4,2,4,2,4,2,4,2,4,2,4,2,4,2,4,2,4,2,4,2,4,2,4,2,4,2,4,2,4,2,4,2,4,2,4,4,4,4,4,4,4,4,4,4,4,4,4,4,4
1,2,3,4,5
1
1315,1517,171930,192130
1,2,3,4,5,6,7,8,9,10
-10,1
-20,2
-30,3
-40,4
-50,5
-60,6
-70,7
-80,8
-90,9
-100,10
-110,11
-120,12
-130,13
-140,14
-150,15
-160,16
-170,17
-180,18
-190,19
-200,20
-210,21
-220,22
-230,23
-240,24
-250,25
-260,26
-270,27
-280,28
-290,29
-300,30
-310,31
-320,32
-330,33,34
-340,35,36
-350,37,38
-360,39,40
-370,41,42
-380,43,44
-390,45,46
-400,47,48
-410,49,50
-420,51,52
-430,53,54
-440,55,56
-450,57,58
-460,59,60
-470,61,62
-480,63,64
-490,65,66
-500,67,68
-510,69,70
-520,71,72
-530,73,74
-540,75,76
-550,77,78
-560,79,80
-570,81,82
-580,83,84
-590,85,86
-600,87,88
-610,89,90
-620,91,92
-630,93,94
-640,95,96
-650,97,98
-660,99,100
-670,101,102
-680,103,104
-690,105,106
-700,107,108
-710,109,110
-720,111,112
*10,4
*20,3
*30,4,2
*40,3,4
*50,3
*60,4,2
*70,2,3
*80,3,4,2
*90,4,3
*100,2,4
*110,4,3
*120,2,3
*130,2
*140,2,3,4
*150,2,4
*160,3,2
*170,3,4,2
*180,3,4
*190,2,4
*200,2,4
*210,4,2
*220,2,4
*230,4,2
*240,2,4
*250,3
*260,4,3
*270,4,3
*280,2,3
*290,2,3
*300,3
*310,4,2
*320,4
*330,4,3
*340,4,2
*350,3,4
*360,3,4
*370,2,4
*380,2,4
*390,4,3
*400,3,2
*410,3
*420,3,2
*430,2,3,4
*440,4,2
*450,4,2
*460,3,2,4
*470,3,4
*480,2,3
*490,4,2
*500,3
*510,3,2
*520,2,3
*530,3,4
*540,2,3
*550,3,4,2
*560,2,3
*570,3,2,4
*580,4,3
*590,3
*600,4
*610,3,2,4
*620,3,2
*630,3,4
*640,4
*650,2,3,4
*660,4
*670,3,2
*680,4
*690,3,2,4
*700,3,4
*710,2,3,4
*720,4,3
>10,2
>20,2
>30,2
>40,2
>50,2
>60,2
>70,2
>80,2
>90,2
>100,2
>110,2
>120,4
>130,4
>140,4
>150,4
>160,4
>170,4
>180,4
>190,4
>200,4
>210,4
>220,4
>230,4
>240,4
>250,4
>260,4
>270,6
>280,6
>290,6
>300,8
>310,8
>320,8
>330,10
>340,10
>350,10
>360,10
>370,10
>380,10
>390,10
>400,10
>410,10
>420,10
>430,10
>440,12
>450,12
>460,12
>470,12
>480,12
>490,12
>500,12
>510,12
>520,12
>530,12
>540,12
>550,12
>560,12
>570,12
>580,12
>590,12
>600,12
>610,12
>620,12
>630,12
>640,12
>650,12
>660,14
>670,14
>680,14
>690,14
>700,14
>710,14
>720,14
