10,20,30,40,50,60,70,80,90,100,110,120,130,140,150,160,170,180,190,200,210,220,230,240,250,260,270,280,290,300,310,320,330,340,350,360,370,380,390,400,410,420,430,440,450,460,470,480,490,500,510,520,530,540,550,560,570,580,590,600,610,620,630,640,650,660,670,680,690,700,710,720,730,740,750,760,770,780,790,800,810
1,2,3,4,5,6,7,8,9,10,11,12,13,14,15,16,17,18,19,20,21,22,23,24,25,26,27,28,29,30,31,32,33,34,35,36,37,38,39,40,41,42,43,44,45,46,47,48,49,50,51,52,53,54,55,56,57,58,59,60,61,62,63,64,65,66,67,68,69,70,71,72,73,74,75,76,77,78,79,80,81,82,83,84,85,86,87,88,89,90,91,92,93,94,95,96,97,98,99,100,101,102,103,104,105,106,107,108,109,110,111,112,113,114,115,116,117,118,119,120,121,122,123,124,125,126
0,0,0,0,0,0,0,0,0,0,0,0,2,2,2,2,2,2,2,2,2,2,2,2,2,2,2,2,2,2,2,2,4,4,4,4,0,4,0,4,0,4,0,4,0,4,0,4,0,4,0,4,0,4,0,4,0,4,0,4,2,4,2,4,2,4,2,4,2,4,2,4,2,4,2,4,2,4,2,4,2,4,2,4,2,4,2,4,2,4,2,4,2,4,2,4,2,4,2,4,2,4,2,4,2,4,2,4,2,4,2,4,2,4,2,4,2,4,2,4,2,4,2,4,2,4
2,2,2,2,2,2,2,2,2,2,2,2,2,2,2,2,2,2,2,2,2,2,2,2,2,2,2,2,4,4,4,4,4,4,4,4,2,4,2,4,2,4,2,4,2,4,2,4,2,4,2,4,2,4,2,4,2,4,2,4,2,4,2,4,2,4,2,4,2,4,2,4,2,4,2,4,2,4,2,4,2,4,2,4,2,4,2,4,2,4,2,4,2,4,2,4,2,4,2,4,2,4,2,4,2,4,2,4,2,4,4,4,4,4,4,4,4,4,4,4,4,4,4,4,4,4
1,2,3,4,5
1
1315,1517,171930,192130
1,2,3,4,5,6,7,8,9,10
-10,1
-20,2
-30,3
-40,4
-50,5
-60,6
-70,7
-80,8
-90,9
-100,10
-110,11
-120,12
-130,13
-140,14
-150,15
-160,16
-170,17
-180,18
-190,19
-200,20
-210,21
-220,22
-230,23
-240,24
-250,25
-260,26
-270,27
-280,28
-290,29
-300,30
-310,31
-320,32
-330,33
-340,34
-350,35
-360,36
-370,37,38
-380,39,40
-390,41,42
-400,43,44
-410,45,46
-420,47,48
-430,49,50
-440,51,52
-450,53,54
-460,55,56
-470,57,58
-480,59,60
-490,61,62
-500,63,64
-510,65,66
-520,67,68
-530,69,70
-540,71,72
-550,73,74
-560,75,76
-570,77,78
-580,79,80
-590,81,82
-600,83,84
-610,85,86
-620,87,88
-630,89,90
-640,91,92
-650,93,94
-660,95,96
-670,97,98
-680,99,100
-690,101,102
-700,103,104
-710,105,106
-720,107,108
-730,109,110
-740,111,112
-750,113,114
-760,115,116
-770,117,118
-780,119,120
-790,121,122
-800,123,124
-810,125,126
*10,4,3
*20,3,4
*30,4,3
*40,3,2
*50,3,4,2
*60,4,2
*70,3,4
*80,2,4
*90,4,2
*100,3,2
*110,4,3
*120,2,4,3
*130,4,3
*140,2,4
*150,4,2
*160,4,2
*170,4,3
*180,3,2
*190,4,3
*200,2,3,4
*210,2,3,4
*220,4,3,2
*230,2,3
*240,3,4,2
*250,3
*260,4,2
*270,4
*280,2,3,4
*290,4,3
*300,4,3
*310,2,4,3
*320,2,4
*330,2,3
*340,2
*350,4,3
*360,4,3,2
*370,4,2,3
*380,2,4,3
*390,4,2
*400,3,2
*410,3,2
*420,4,3
*430,3,4
*440,3,2,4
*450,3
*460,3,2
*470,3,2
*480,4
*490,3,2,4
*500,4,2
*510,2
*520,3,2,4
*530,4,3
*540,4,2
*550,3,2
*560,2,3
*570,2,3
*580,3,2,4
*590,4,3
*600,2
*610,3,4
*620,3,2
*630,2,4
*640,3
*650,2,4
*660,2,3
*670,3
*680,3,2
*690,4,3,2
*700,3,4,2
*710,3,2,4
*720,3,2,4
*730,2,3
*740,3,2,4
*750,4,2
*760,4,3
*770,3,4
*780,2,4
*790,4,3
*800,4,3,2
*810,4,3
>10,2
>20,2
>30,2
>40,2
>50,2
>60,2
>70,2
>80,2
>90,2
>100,2
>110,2
>120,2
>130,4
>140,4
>150,4
>160,4
>170,4
>180,4
>190,4
>200,4
>210,4
>220,4
>230,4
>240,4
>250,4
>260,4
>270,4
>280,4
>290,6
>300,6
>310,6
>320,6
>330,8
>340,8
>350,8
>360,8
>370,10
>380,10
>390,10
>400,10
>410,10
>420,10
>430,10
>440,10
>450,10
>460,10
>470,10
>480,10
>490,12
>500,12
>510,12
>520,12
>530,12
>540,12
>550,12
>560,12
>570,12
>580,12
>590,12
>600,12
>610,12
>620,12
>630,12
>640,12
>650,12
>660,12
>670,12
>680,12
>690,12
>700,12
>710,12
>720,12
>730,12
>740,14
>750,14
>760,14
>770,14
>780,14
>790,14
>800,14
>810,14
