10,20,30,40,50,60,70,80,90,100,110,120,130,140,150,160,170,180,190,200,210,220,230,240,250,260,270,280,290,300,310,320,330,340,350,360,370,380,390,400,410,420,430,440,450,460,470,480,490,500,510,520,530,540,550,560,570,580,590,600,610,620,630,640,650,660,670,680,690,700,710,720,730,740,750,760,770,780,790,800,810,820
1,2,3,4,5,6,7,8,9,10,11,12,13,14,15,16,17,18,19,20,21,22,23,24,25,26,27,28,29,30,31,32,33,34,35,36,37,38,39,40,41,42,43,44,45,46,47,48,49,50,51,52,53,54,55,56,57,58,59,60,61,62,63,64,65,66,67,68,69,70,71,72,73,74,75,76,77,78,79,80,81,82,83,84,85,86,87,88,89,90,91,92,93,94,95,96,97,98,99,100,101,102,103,104,105,106,107,108,109,110,111,112,113,114,115,116,117,118,119,120,121,122,123,124,125,126,127
0,0,0,0,0,0,0,0,0,0,0,0,2,2,2,2,2,2,2,2,2,2,2,2,2,2,2,2,2,2,2,2,2,4,4,4,4,0,4,0,4,0,4,0,4,0,4,0,4,0,4,0,4,0,4,0,4,0,4,0,4,2,4,2,4,2,4,2,4,2,4,2,4,2,4,2,4,2,4,2,4,2,4,2,4,2,4,2,4,2,4,2,4,2,4,2,4,2,4,2,4,2,4,2,4,2,4,2,4,2,4,2,4,2,4,2,4,2,4,2,4,2,4,2,4,2,4
2,2,2,2,2,2,2,2,2,2,2,2,2,2,2,2,2,2,2,2,2,2,2,2,2,2,2,2,2,4,4,4,4,4,4,4,4,2,4,2,4,2,4,2,4,2,4,2,4,2,4,2,4,2,4,2,4,2,4,2,4,2,4,2,4,2,4,2,4,2,4,2,4,2,4,2,4,2,4,2,4,2,4,2,4,2,4,2,4,2,4,2,4,2,4,2,4,2,4,2,4,2,4,2,4,2,4,2,4,2,4,4,4,4,4,4,4,4,4,4,4,4,4,4,4,4,4
1,2,3,4,5
1
1315,1517,171930,192130
1,2,3,4,5,6,7,8,9,10
-10,1
-20,2
-30,3
-40,4
-50,5
-60,6
-70,7
-80,8
-90,9
-100,10
-110,11
-120,12
-130,13
-140,14
-150,15
-160,16
-170,17
-180,18
-190,19
-200,20
-210,21
-220,22
-230,23
-240,24
-250,25
-260,26
-270,27
-280,28
-290,29
-300,30
-310,31
-320,32
-330,33
-340,34
-350,35
-360,36
-370,37
-380,38,39
-390,40,41
-400,42,43
-410,44,45
-420,46,47
-430,48,49
-440,50,51
-450,52,53
-460,54,55
-470,56,57
-480,58,59
-490,60,61
-500,62,63
-510,64,65
-520,66,67
-530,68,69
-540,70,71
-550,72,73
-560,74,75
-570,76,77
-580,78,79
-590,80,81
-600,82,83
-610,84,85
-620,86,87
-630,88,89
-640,90,91
-650,92,93
-660,94,95
-670,96,97
-680,98,99
-690,100,101
-700,102,103
-710,104,105
-720,106,107
-730,108,109
-740,110,111
-750,112,113
-760,114,115
-770,116,117
-780,118,119
-790,120,121
-800,122,123
-810,124,125
-820,126,127
*10,2
*20,4,3,2
*30,3,4,2
*40,3,4,2
*50,4
*60,4,3
*70,4,2
*80,4
*90,4
*100,3,4
*110,3,4,2
*120,3,2
*130,2,3,4
*140,3,2
*150,2,4
*160,3,2
*170,2
*180,3,4
*190,4,3,2
*200,2
*210,3
*220,4,2,3
*230,4
*240,4,2,3
*250,3,2
*260,3
*270,2,3
*280,4,3
*290,3,4
*300,2,3
*310,4
*320,2,4,3
*330,4,3
*340,2,4,3
*350,2,4,3
*360,4,2,3
*370,4,3,2
*380,2
*390,2,3
*400,4,3
*410,2
*420,2,3,4
*430,4,3,2
*440,4
*450,2,4,3
*460,2,4
*470,4,3,2
*480,3,4
*490,2,3
*500,3,2
*510,2
*520,3,4
*530,4
*540,3,2
*550,3,2
*560,3,4,2
*570,2,3,4
*580,3,4,2
*590,2,3
*600,4,3
*610,2,3
*620,2,4,3
*630,4,2
*640,4,3
*650,4,2
*660,2
*670,2
*680,2,4
*690,3,4
*700,3,4
*710,3
*720,4,3
*730,4,2
*740,2,3
*750,2,3
*760,2,4,3
*770,3,2,4
*780,2,3
*790,4,3
*800,4,2
*810,4,2
*820,2,3
>10,2
>20,2
>30,2
>40,2
>50,2
>60,2
>70,2
>80,2
>90,2
>100,2
>110,2
>120,2
>130,4
>140,4
>150,4
>160,4
>170,4
>180,4
>190,4
>200,4
>210,4
>220,4
>230,4
>240,4
>250,4
>260,4
>270,4
>280,4
>290,4
>300,6
>310,6
>320,6
>330,6
>340,8
>350,8
>360,8
>370,8
>380,10
>390,10
>400,10
>410,10
>420,10
>430,10
>440,10
>450,10
>460,10
>470,10
>480,10
>490,10
>500,12
>510,12
>520,12
>530,12
>540,12
>550,12
>560,12
>570,12
>580,12
>590,12
>600,12
>610,12
>620,12
>630,12
>640,12
>650,12
>660,12
>670,12
>680,12
>690,12
>700,12
>710,12
>720,12
>730,12
>740,12
>750,14
>760,14
>770,14
>780,14
>790,14
>800,14
>810,14
>820,14
