10,20,30,40,50,60,70,80,90,100,110,120
1,2,3,4,5,6,7,8,9,10,11,12,13,14,15,16,17,18,19
0,0,2,2,2,0,4,0,4,2,4,2,4,2,4,2,4,2,4
2,2,2,2,2,2,4,2,4,2,4,2,4,2,4,2,4,4,4
1,2,3,4,5
3
1315,1517,171930,192130
1,2,3,4,5,6,7,8,9,10
-10,1
-20,2
-30,3
-40,4
-50,5
-60,6,7
-70,8,9
-80,10,11
-90,12,13
-100,14,15
-110,16,17
-120,18,19
*10,3,4,2
*20,3,2
*30,2,3
*40,3
*50,2,4,3
*60,2,3
*70,2,4
*80,3,4
*90,4,2
*100,3,4,2
*110,3,2
*120,3
>10,2
>20,2
>30,4
>40,4
>50,4
>60,10
>70,10
>80,12
>90,12
>100,12
>110,12
>120,14
