10,20,30,40,50,60,70,80,90,100,110,120,130,140,150,160,170,180,190,200,210,220,230,240,250,260,270,280,290,300,310,320,330,340,350,360,370,380,390,400,410,420,430,440,450,460,470,480,490,500,510,520,530,540,550,560,570,580,590,600,610,620,630,640,650,660,670,680,690,700,710,720,730,740,750,760,770,780,790,800,810,820,830,840,850
1,2,3,4,5,6,7,8,9,10,11,12,13,14,15,16,17,18,19,20,21,22,23,24,25,26,27,28,29,30,31,32,33,34,35,36,37,38,39,40,41,42,43,44,45,46,47,48,49,50,51,52,53,54,55,56,57,58,59,60,61,62,63,64,65,66,67,68,69,70,71,72,73,74,75,76,77,78,79,80,81,82,83,84,85,86,87,88,89,90,91,92,93,94,95,96,97,98,99,100,101,102,103,104,105,106,107,108,109,110,111,112,113,114,115,116,117,118,119,120,121,122,123,124,125,126,127,128,129,130,131,132
0,0,0,0,0,0,0,0,0,0,0,0,0,2,2,2,2,2,2,2,2,2,2,2,2,2,2,2,2,2,2,2,2,2,4,4,4,4,0,4,0,4,0,4,0,4,0,4,0,4,0,4,0,4,0,4,0,4,0,4,0,4,0,4,2,4,2,4,2,4,2,4,2,4,2,4,2,4,2,4,2,4,2,4,2,4,2,4,2,4,2,4,2,4,2,4,2,4,2,4,2,4,2,4,2,4,2,4,2,4,2,4,2,4,2,4,2,4,2,4,2,4,2,4,2,4,2,4,2,4,2,4
2,2,2,2,2,2,2,2,2,2,2,2,2,2,2,2,2,2,2,2,2,2,2,2,2,2,2,2,2,2,4,4,4,4,4,4,4,4,2,4,2,4,2,4,2,4,2,4,2,4,2,4,2,4,2,4,2,4,2,4,2,4,2,4,2,4,2,4,2,4,2,4,2,4,2,4,2,4,2,4,2,4,2,4,2,4,2,4,2,4,2,4,2,4,2,4,2,4,2,4,2,4,2,4,2,4,2,4,2,4,2,4,2,4,2,4,4,4,4,4,4,4,4,4,4,4,4,4,4,4,4,4
1,2,3,4,5
4
1315,1517,171930,192130
1,2,3,4,5,6,7,8,9,10
-10,1
-20,2
-30,3
-40,4
-50,5
-60,6
-70,7
-80,8
-90,9
-100,10
-110,11
-120,12
-130,13
-140,14
-150,15
-160,16
-170,17
-180,18
-190,19
-200,20
-210,21
-220,22
-230,23
-240,24
-250,25
-260,26
-270,27
-280,28
-290,29
-300,30
-310,31
-320,32
-330,33
-340,34
-350,35
-360,36
-370,37
-380,38
-390,39,40
-400,41,42
-410,43,44
-420,45,46
-430,47,48
-440,49,50
-450,51,52
-460,53,54
-470,55,56
-480,57,58
-490,59,60
-500,61,62
-510,63,64
-520,65,66
-530,67,68
-540,69,70
-550,71,72
-560,73,74
-570,75,76
-580,77,78
-590,79,80
-600,81,82
-610,83,84
-620,85,86
-630,87,88
-640,89,90
-650,91,92
-660,93,94
-670,95,96
-680,97,98
-690,99,100
-700,101,102
-710,103,104
-720,105,106
-730,107,108
-740,109,110
-750,111,112
-760,113,114
-770,115,116
-780,117,118
-790,119,120
-800,121,122
-810,123,124
-820,125,126
-830,127,128
-840,129,130
-850,131,132
*10,3,4
*20,2,4
*30,3,4,2
*40,3,2
*50,3
*60,3,4,2
*70,3,2,4
*80,4,2,3
*90,2
*100,4,3
*110,4
*120,4,3
*130,2,3,4
*140,3,4,2
*150,4,2
*160,4,3
*170,2,3,4
*180,3,2
*190,2,3
*200,3,2
*210,2
*220,4,3
*230,2,3,4
*240,4,2
*250,3,2
*260,2,4,3
*270,4,2
*280,2,4
*290,4
*300,2,3,4
*310,4,3
*320,2,3,4
*330,2,4
*340,3,4
*350,4,3,2
*360,2,4
*370,3,4
*380,2,3
*390,3,2,4
*400,3,2
*410,3,4
*420,2,4,3
*430,4,3
*440,4
*450,3
*460,4,3
*470,4,2
*480,4,2
*490,3,4
*500,4,3
*510,2,4,3
*520,3,2
*530,4,2
*540,4,3
*550,3
*560,2
*570,3,4
*580,4,3,2
*590,3,2
*600,2,4
*610,4
*620,4,2
*630,2,3
*640,3
*650,3,2
*660,3,4
*670,4,3
*680,2,4
*690,2,4
*700,4,3
*710,4,3
*720,4,2
*730,3,4
*740,3,4
*750,2,3
*760,2,4
*770,3
*780,3,2
*790,4,2
*800,2,4
*810,3
*820,4,3
*830,3,2
*840,2,4
*850,4,2
>10,2
>20,2
>30,2
>40,2
>50,2
>60,2
>70,2
>80,2
>90,2
>100,2
>110,2
>120,2
>130,2
>140,4
>150,4
>160,4
>170,4
>180,4
>190,4
>200,4
>210,4
>220,4
>230,4
>240,4
>250,4
>260,4
>270,4
>280,4
>290,4
>300,4
>310,6
>320,6
>330,6
>340,6
>350,8
>360,8
>370,8
>380,8
>390,10
>400,10
>410,10
>420,10
>430,10
>440,10
>450,10
>460,10
>470,10
>480,10
>490,10
>500,10
>510,10
>520,12
>530,12
>540,12
>550,12
>560,12
>570,12
>580,12
>590,12
>600,12
>610,12
>620,12
>630,12
>640,12
>650,12
>660,12
>670,12
>680,12
>690,12
>700,12
>710,12
>720,12
>730,12
>740,12
>750,12
>760,12
>770,12
>780,14
>790,14
>800,14
>810,14
>820,14
>830,14
>840,14
>850,14
