10,20,30,40,50,60,70,80,90,100,110,120,130,140,150,160,170,180,190,200,210,220,230,240,250,260,270,280,290,300,310,320,330,340,350,360,370,380,390,400,410,420,430,440,450,460,470,480,490,500,510,520,530,540,550,560,570,580,590,600,610,620,630,640,650,660,670,680,690,700,710,720,730,740,750,760,770,780,790,800,810,820,830,840,850,860,870,880,890,900,910
1,2,3,4,5,6,7,8,9,10,11,12,13,14,15,16,17,18,19,20,21,22,23,24,25,26,27,28,29,30,31,32,33,34,35,36,37,38,39,40,41,42,43,44,45,46,47,48,49,50,51,52,53,54,55,56,57,58,59,60,61,62,63,64,65,66,67,68,69,70,71,72,73,74,75,76,77,78,79,80,81,82,83,84,85,86,87,88,89,90,91,92,93,94,95,96,97,98,99,100,101,102,103,104,105,106,107,108,109,110,111,112,113,114,115,116,117,118,119,120,121,122,123,124,125,126,127,128,129,130,131,132,133,134,135,136,137,138,139,140,141,142
0,0,0,0,0,0,0,0,0,0,0,0,0,0,2,2,2,2,2,2,2,2,2,2,2,2,2,2,2,2,2,2,2,2,2,2,4,4,4,4,0,4,0,4,0,4,0,4,0,4,0,4,0,4,0,4,0,4,0,4,0,4,0,4,0,4,0,4,2,4,2,4,2,4,2,4,2,4,2,4,2,4,2,4,2,4,2,4,2,4,2,4,2,4,2,4,2,4,2,4,2,4,2,4,2,4,2,4,2,4,2,4,2,4,2,4,2,4,2,4,2,4,2,4,2,4,2,4,2,4,2,4,2,4,2,4,2,4,2,4,2,4
2,2,2,2,2,2,2,2,2,2,2,2,2,2,2,2,2,2,2,2,2,2,2,2,2,2,2,2,2,2,2,2,4,4,4,4,4,4,4,4,2,4,2,4,2,4,2,4,2,4,2,4,2,4,2,4,2,4,2,4,2,4,2,4,2,4,2,4,2,4,2,4,2,4,2,4,2,4,2,4,2,4,2,4,2,4,2,4,2,4,2,4,2,4,2,4,2,4,2,4,2,4,2,4,2,4,2,4,2,4,2,4,2,4,2,4,2,4,2,4,2,4,2,4,4,4,4,4,4,4,4,4,4,4,4,4,4,4,4,4,4,4
1,2,3,4,5
1
1315,1517,171930,192130
1,2,3,4,5,6,7,8,9,10
-10,1
-20,2
-30,3
-40,4
-50,5
-60,6
-70,7
-80,8
-90,9
-100,10
-110,11
-120,12
-130,13
-140,14
-150,15
-160,16
-170,17
-180,18
-190,19
-200,20
-210,21
-220,22
-230,23
-240,24
-250,25
-260,26
-270,27
-280,28
-290,29
-300,30
-310,31
-320,32
-330,33
-340,34
-350,35
-360,36
-370,37
-380,38
-390,39
-400,40
-410,41,42
-420,43,44
-430,45,46
-440,47,48
-450,49,50
-460,51,52
-470,53,54
-480,55,56
-490,57,58
-500,59,60
-510,61,62
-520,63,64
-530,65,66
-540,67,68
-550,69,70
-560,71,72
-570,73,74
-580,75,76
-590,77,78
-600,79,80
-610,81,82
-620,83,84
-630,85,86
-640,87,88
-650,89,90
-660,91,92
-670,93,94
-680,95,96
-690,97,98
-700,99,100
-710,101,102
-720,103,104
-730,105,106
-740,107,108
-750,109,110
-760,111,112
-770,113,114
-780,115,116
-790,117,118
-800,119,120
-810,121,122
-820,123,124
-830,125,126
-840,127,128
-850,129,130
-860,131,132
-870,133,134
-880,135,136
-890,137,138
-900,139,140
-910,141,142
*10,3
*20,3,4
*30,4,2
*40,4,3,2
*50,4
*60,2,4,3
*70,3
*80,2,3
*90,3,4
*100,4,2,3
*110,2,3
*120,4,3
*130,3
*140,3,2
*150,4,3
*160,2,4,3
*170,3,2
*180,2,3
*190,2,4
*200,4,2
*210,4,3
*220,2,4
*230,2,3
*240,2,4
*250,2,4,3
*260,3,4
*270,4,2
*280,4,2
*290,2
*300,3,2
*310,4
*320,4
*330,2,3
*340,4,2,3
*350,4,3
*360,4,2,3
*370,3,4
*380,4,3
*390,4,3
*400,4,2
*410,2,4
*420,3,4,2
*430,2,4,3
*440,4,3
*450,2,3,4
*460,4,3,2
*470,2,4,3
*480,3,4
*490,2,3,4
*500,2
*510,3,2,4
*520,3,4,2
*530,2,3
*540,3,4,2
*550,3,4
*560,4,3
*570,3,4
*580,3,2
*590,4,3
*600,4,2
*610,3,4
*620,4
*630,4,3,2
*640,2,3,4
*650,4,3
*660,3,2
*670,2,3
*680,2
*690,2,3
*700,3
*710,3,4,2
*720,4,2,3
*730,4,2,3
*740,3,4,2
*750,2,3
*760,2,4,3
*770,3,4,2
*780,4,3,2
*790,2,4
*800,4,2,3
*810,4,2
*820,3
*830,4,3
*840,3,2
*850,2,3,4
*860,2,4,3
*870,3,2
*880,4,2
*890,4,2
*900,2,3
*910,2,3,4
>10,2
>20,2
>30,2
>40,2
>50,2
>60,2
>70,2
>80,2
>90,2
>100,2
>110,2
>120,2
>130,2
>140,2
>150,4
>160,4
>170,4
>180,4
>190,4
>200,4
>210,4
>220,4
>230,4
>240,4
>250,4
>260,4
>270,4
>280,4
>290,4
>300,4
>310,4
>320,4
>330,6
>340,6
>350,6
>360,6
>370,8
>380,8
>390,8
>400,8
>410,10
>420,10
>430,10
>440,10
>450,10
>460,10
>470,10
>480,10
>490,10
>500,10
>510,10
>520,10
>530,10
>540,10
>550,12
>560,12
>570,12
>580,12
>590,12
>600,12
>610,12
>620,12
>630,12
>640,12
>650,12
>660,12
>670,12
>680,12
>690,12
>700,12
>710,12
>720,12
>730,12
>740,12
>750,12
>760,12
>770,12
>780,12
>790,12
>800,12
>810,12
>820,12
>830,14
>840,14
>850,14
>860,14
>870,14
>880,14
>890,14
>900,14
>910,14
