10,20,30,40,50,60,70,80,90,100,110,120,130,140,150,160,170,180,190,200,210,220,230,240,250,260,270,280,290,300,310,320,330,340,350,360,370,380,390,400,410,420,430,440,450,460,470,480,490,500,510,520,530,540,550,560,570,580,590,600,610,620,630,640,650,660,670,680,690,700,710,720,730,740,750,760,770,780,790,800,810,820,830,840,850,860,870,880,890,900,910,920,930
1,2,3,4,5,6,7,8,9,10,11,12,13,14,15,16,17,18,19,20,21,22,23,24,25,26,27,28,29,30,31,32,33,34,35,36,37,38,39,40,41,42,43,44,45,46,47,48,49,50,51,52,53,54,55,56,57,58,59,60,61,62,63,64,65,66,67,68,69,70,71,72,73,74,75,76,77,78,79,80,81,82,83,84,85,86,87,88,89,90,91,92,93,94,95,96,97,98,99,100,101,102,103,104,105,106,107,108,109,110,111,112,113,114,115,116,117,118,119,120,121,122,123,124,125,126,127,128,129,130,131,132,133,134,135,136,137,138,139,140,141,142,143,144,145
0,0,0,0,0,0,0,0,0,0,0,0,0,0,2,2,2,2,2,2,2,2,2,2,2,2,2,2,2,2,2,2,2,2,2,2,2,4,4,4,4,0,4,0,4,0,4,0,4,0,4,0,4,0,4,0,4,0,4,0,4,0,4,0,4,0,4,0,4,2,4,2,4,2,4,2,4,2,4,2,4,2,4,2,4,2,4,2,4,2,4,2,4,2,4,2,4,2,4,2,4,2,4,2,4,2,4,2,4,2,4,2,4,2,4,2,4,2,4,2,4,2,4,2,4,2,4,2,4,2,4,2,4,2,4,2,4,2,4,2,4,2,4,2,4
2,2,2,2,2,2,2,2,2,2,2,2,2,2,2,2,2,2,2,2,2,2,2,2,2,2,2,2,2,2,2,2,2,4,4,4,4,4,4,4,4,2,4,2,4,2,4,2,4,2,4,2,4,2,4,2,4,2,4,2,4,2,4,2,4,2,4,2,4,2,4,2,4,2,4,2,4,2,4,2,4,2,4,2,4,2,4,2,4,2,4,2,4,2,4,2,4,2,4,2,4,2,4,2,4,2,4,2,4,2,4,2,4,2,4,2,4,2,4,2,4,2,4,2,4,2,4,4,4,4,4,4,4,4,4,4,4,4,4,4,4,4,4,4,4
1,2,3,4,5
4
1315,1517,171930,192130
1,2,3,4,5,6,7,8,9,10
-10,1
-20,2
-30,3
-40,4
-50,5
-60,6
-70,7
-80,8
-90,9
-100,10
-110,11
-120,12
-130,13
-140,14
-150,15
-160,16
-170,17
-180,18
-190,19
-200,20
-210,21
-220,22
-230,23
-240,24
-250,25
-260,26
-270,27
-280,28
-290,29
-300,30
-310,31
-320,32
-330,33
-340,34
-350,35
-360,36
-370,37
-380,38
-390,39
-400,40
-410,41
-420,42,43
-430,44,45
-440,46,47
-450,48,49
-460,50,51
-470,52,53
-480,54,55
-490,56,57
-500,58,59
-510,60,61
-520,62,63
-530,64,65
-540,66,67
-550,68,69
-560,70,71
-570,72,73
-580,74,75
-590,76,77
-600,78,79
-610,80,81
-620,82,83
-630,84,85
-640,86,87
-650,88,89
-660,90,91
-670,92,93
-680,94,95
-690,96,97
-700,98,99
-710,100,101
-720,102,103
-730,104,105
-740,106,107
-750,108,109
-760,110,111
-770,112,113
-780,114,115
-790,116,117
-800,118,119
-810,120,121
-820,122,123
-830,124,125
-840,126,127
-850,128,129
-860,130,131
-870,132,133
-880,134,135
-890,136,137
-900,138,139
-910,140,141
-920,142,143
-930,144,145
*10,4,2,3
*20,4,3,2
*30,2,3,4
*40,4,2,3
*50,2,4
*60,2,3
*70,4,2
*80,2
*90,4,3,2
*100,4
*110,3,2,4
*120,2,4
*130,4
*140,2,4
*150,2,4
*160,2,3
*170,2,3,4
*180,3,2
*190,4,3,2
*200,3,2
*210,4
*220,3,2
*230,4
*240,3,4
*250,3,4
*260,3,4
*270,2
*280,4,2
*290,2,3
*300,2,4
*310,2,4,3
*320,4,2
*330,3,2,4
*340,3
*350,2
*360,4,3
*370,3
*380,3,2
*390,2,3
*400,3
*410,3,4
*420,4,3,2
*430,4,2
*440,4,2
*450,4,3
*460,2,4
*470,2,3,4
*480,2,3
*490,2,4
*500,3,2
*510,3
*520,3,4,2
*530,3,2,4
*540,2,4,3
*550,3,2
*560,3
*570,3,2,4
*580,3
*590,4,3,2
*600,2,3,4
*610,3,2,4
*620,3,4
*630,3,4
*640,2,3
*650,2,3
*660,4,3,2
*670,4,2
*680,3
*690,4,3
*700,3,2
*710,4,2
*720,2,3,4
*730,3,2
*740,3,4
*750,3,2
*760,3,2,4
*770,3,4,2
*780,2,4
*790,4,3
*800,2,3
*810,4,2,3
*820,2
*830,3,2,4
*840,3
*850,2,3
*860,3,4
*870,2,3,4
*880,2
*890,4
*900,4,2
*910,2,4
*920,4,2
*930,2,3
>10,2
>20,2
>30,2
>40,2
>50,2
>60,2
>70,2
>80,2
>90,2
>100,2
>110,2
>120,2
>130,2
>140,2
>150,4
>160,4
>170,4
>180,4
>190,4
>200,4
>210,4
>220,4
>230,4
>240,4
>250,4
>260,4
>270,4
>280,4
>290,4
>300,4
>310,4
>320,4
>330,4
>340,6
>350,6
>360,6
>370,6
>380,8
>390,8
>400,8
>410,8
>420,10
>430,10
>440,10
>450,10
>460,10
>470,10
>480,10
>490,10
>500,10
>510,10
>520,10
>530,10
>540,10
>550,10
>560,12
>570,12
>580,12
>590,12
>600,12
>610,12
>620,12
>630,12
>640,12
>650,12
>660,12
>670,12
>680,12
>690,12
>700,12
>710,12
>720,12
>730,12
>740,12
>750,12
>760,12
>770,12
>780,12
>790,12
>800,12
>810,12
>820,12
>830,12
>840,12
>850,14
>860,14
>870,14
>880,14
>890,14
>900,14
>910,14
>920,14
>930,14
