10,20,30,40,50,60,70,80,90,100,110,120,130,140,150,160,170,180,190,200,210,220,230,240,250,260,270,280,290,300,310,320,330,340,350,360,370,380,390,400,410,420,430,440,450,460,470,480,490,500,510,520,530,540,550,560,570,580,590,600,610,620,630,640,650,660,670,680,690,700,710,720,730,740,750,760,770,780,790,800,810,820,830,840,850,860,870,880,890,900,910,920,930,940,950,960,970,980,990,1000,1010,1020
1,2,3,4,5,6,7,8,9,10,11,12,13,14,15,16,17,18,19,20,21,22,23,24,25,26,27,28,29,30,31,32,33,34,35,36,37,38,39,40,41,42,43,44,45,46,47,48,49,50,51,52,53,54,55,56,57,58,59,60,61,62,63,64,65,66,67,68,69,70,71,72,73,74,75,76,77,78,79,80,81,82,83,84,85,86,87,88,89,90,91,92,93,94,95,96,97,98,99,100,101,102,103,104,105,106,107,108,109,110,111,112,113,114,115,116,117,118,119,120,121,122,123,124,125,126,127,128,129,130,131,132,133,134,135,136,137,138,139,140,141,142,143,144,145,146,147,148,149,150,151,152,153,154,155,156,157,158
0,0,0,0,0,0,0,0,0,0,0,0,0,0,0,2,2,2,2,2,2,2,2,2,2,2,2,2,2,2,2,2,2,2,2,2,2,2,2,2,2,4,4,4,4,4,0,4,0,4,0,4,0,4,0,4,0,4,0,4,0,4,0,4,0,4,0,4,0,4,0,4,0,4,0,4,2,4,2,4,2,4,2,4,2,4,2,4,2,4,2,4,2,4,2,4,2,4,2,4,2,4,2,4,2,4,2,4,2,4,2,4,2,4,2,4,2,4,2,4,2,4,2,4,2,4,2,4,2,4,2,4,2,4,2,4,2,4,2,4,2,4,2,4,2,4,2,4,2,4,2,4,2,4,2,4,2,4
2,2,2,2,2,2,2,2,2,2,2,2,2,2,2,2,2,2,2,2,2,2,2,2,2,2,2,2,2,2,2,2,2,2,2,2,4,4,4,4,4,4,4,4,4,4,2,4,2,4,2,4,2,4,2,4,2,4,2,4,2,4,2,4,2,4,2,4,2,4,2,4,2,4,2,4,2,4,2,4,2,4,2,4,2,4,2,4,2,4,2,4,2,4,2,4,2,4,2,4,2,4,2,4,2,4,2,4,2,4,2,4,2,4,2,4,2,4,2,4,2,4,2,4,2,4,2,4,2,4,2,4,2,4,2,4,2,4,4,4,4,4,4,4,4,4,4,4,4,4,4,4,4,4,4,4,4,4
1,2,3,4,5
2
1315,1517,171930,192130
1,2,3,4,5,6,7,8,9,10
-10,1
-20,2
-30,3
-40,4
-50,5
-60,6
-70,7
-80,8
-90,9
-100,10
-110,11
-120,12
-130,13
-140,14
-150,15
-160,16
-170,17
-180,18
-190,19
-200,20
-210,21
-220,22
-230,23
-240,24
-250,25
-260,26
-270,27
-280,28
-290,29
-300,30
-310,31
-320,32
-330,33
-340,34
-350,35
-360,36
-370,37
-380,38
-390,39
-400,40
-410,41
-420,42
-430,43
-440,44
-450,45
-460,46
-470,47,48
-480,49,50
-490,51,52
-500,53,54
-510,55,56
-520,57,58
-530,59,60
-540,61,62
-550,63,64
-560,65,66
-570,67,68
-580,69,70
-590,71,72
-600,73,74
-610,75,76
-620,77,78
-630,79,80
-640,81,82
-650,83,84
-660,85,86
-670,87,88
-680,89,90
-690,91,92
-700,93,94
-710,95,96
-720,97,98
-730,99,100
-740,101,102
-750,103,104
-760,105,106
-770,107,108
-780,109,110
-790,111,112
-800,113,114
-810,115,116
-820,117,118
-830,119,120
-840,121,122
-850,123,124
-860,125,126
-870,127,128
-880,129,130
-890,131,132
-900,133,134
-910,135,136
-920,137,138
-930,139,140
-940,141,142
-950,143,144
-960,145,146
-970,147,148
-980,149,150
-990,151,152
-1000,153,154
-1010,155,156
-1020,157,158
*10,4,3
*20,4,3
*30,3
*40,2,4
*50,4,2
*60,2
*70,3,2
*80,4,3
*90,4,3
*100,4,2,3
*110,3,2,4
*120,3,2
*130,4,2
*140,4,2
*150,2
*160,2,4
*170,3
*180,3,2
*190,4,3
*200,4,2
*210,3,4
*220,4,3
*230,2,3
*240,3,2
*250,4,2
*260,4,3
*270,4,3
*280,4
*290,2
*300,2,4
*310,4,3
*320,3,4
*330,4,3
*340,3,4
*350,2,3
*360,4,3,2
*370,2,4
*380,3,2
*390,3,4
*400,4,3
*410,4,3
*420,2,3,4
*430,4,3
*440,3,4
*450,3
*460,3,2
*470,2,3
*480,3,2,4
*490,2,3
*500,2,4
*510,4,3
*520,3,2
*530,4,2,3
*540,3,2
*550,3,2
*560,4,3,2
*570,2,4
*580,2,4
*590,4,2
*600,3,2
*610,2,3
*620,4,3
*630,4,3
*640,4,3
*650,3
*660,3
*670,3,2
*680,3,2
*690,4,2
*700,2,4
*710,4,3
*720,3,2
*730,3,4
*740,2,4,3
*750,2,4,3
*760,4,2,3
*770,3,4
*780,2,4,3
*790,2,4
*800,2
*810,4
*820,2
*830,2,3
*840,2,3,4
*850,2,3
*860,2,4,3
*870,4,2
*880,2,3,4
*890,3,2
*900,3,4
*910,2,3,4
*920,2,3
*930,2,3
*940,4,2
*950,4,3
*960,2,3,4
*970,4,2
*980,4,2
*990,3,4,2
*1000,4,3
*1010,3,4,2
*1020,4,3
>10,2
>20,2
>30,2
>40,2
>50,2
>60,2
>70,2
>80,2
>90,2
>100,2
>110,2
>120,2
>130,2
>140,2
>150,2
>160,4
>170,4
>180,4
>190,4
>200,4
>210,4
>220,4
>230,4
>240,4
>250,4
>260,4
>270,4
>280,4
>290,4
>300,4
>310,4
>320,4
>330,4
>340,4
>350,4
>360,4
>370,6
>380,6
>390,6
>400,6
>410,6
>420,8
>430,8
>440,8
>450,8
>460,8
>470,10
>480,10
>490,10
>500,10
>510,10
>520,10
>530,10
>540,10
>550,10
>560,10
>570,10
>580,10
>590,10
>600,10
>610,10
>620,12
>630,12
>640,12
>650,12
>660,12
>670,12
>680,12
>690,12
>700,12
>710,12
>720,12
>730,12
>740,12
>750,12
>760,12
>770,12
>780,12
>790,12
>800,12
>810,12
>820,12
>830,12
>840,12
>850,12
>860,12
>870,12
>880,12
>890,12
>900,12
>910,12
>920,12
>930,14
>940,14
>950,14
>960,14
>970,14
>980,14
>990,14
>1000,14
>1010,14
>1020,14
