10,20,30,40,50,60,70,80,90,100,110,120,130,140,150,160,170,180,190,200,210,220,230,240,250,260,270,280,290,300,310,320,330,340,350,360,370,380,390,400,410,420,430,440,450,460,470,480,490,500,510,520,530,540,550,560,570,580,590,600,610,620,630,640,650,660,670,680,690,700,710,720,730,740,750,760,770,780,790,800,810,820,830,840,850,860,870,880,890,900,910,920,930,940,950,960,970,980,990,1000,1010,1020,1030,1040,1050
1,2,3,4,5,6,7,8,9,10,11,12,13,14,15,16,17,18,19,20,21,22,23,24,25,26,27,28,29,30,31,32,33,34,35,36,37,38,39,40,41,42,43,44,45,46,47,48,49,50,51,52,53,54,55,56,57,58,59,60,61,62,63,64,65,66,67,68,69,70,71,72,73,74,75,76,77,78,79,80,81,82,83,84,85,86,87,88,89,90,91,92,93,94,95,96,97,98,99,100,101,102,103,104,105,106,107,108,109,110,111,112,113,114,115,116,117,118,119,120,121,122,123,124,125,126,127,128,129,130,131,132,133,134,135,136,137,138,139,140,141,142,143,144,145,146,147,148,149,150,151,152,153,154,155,156,157,158,159,160,161,162,163
0,0,0,0,0,0,0,0,0,0,0,0,0,0,0,0,2,2,2,2,2,2,2,2,2,2,2,2,2,2,2,2,2,2,2,2,2,2,2,2,2,2,4,4,4,4,4,0,4,0,4,0,4,0,4,0,4,0,4,0,4,0,4,0,4,0,4,0,4,0,4,0,4,0,4,0,4,0,4,2,4,2,4,2,4,2,4,2,4,2,4,2,4,2,4,2,4,2,4,2,4,2,4,2,4,2,4,2,4,2,4,2,4,2,4,2,4,2,4,2,4,2,4,2,4,2,4,2,4,2,4,2,4,2,4,2,4,2,4,2,4,2,4,2,4,2,4,2,4,2,4,2,4,2,4,2,4,2,4,2,4,2,4
2,2,2,2,2,2,2,2,2,2,2,2,2,2,2,2,2,2,2,2,2,2,2,2,2,2,2,2,2,2,2,2,2,2,2,2,2,4,4,4,4,4,4,4,4,4,4,2,4,2,4,2,4,2,4,2,4,2,4,2,4,2,4,2,4,2,4,2,4,2,4,2,4,2,4,2,4,2,4,2,4,2,4,2,4,2,4,2,4,2,4,2,4,2,4,2,4,2,4,2,4,2,4,2,4,2,4,2,4,2,4,2,4,2,4,2,4,2,4,2,4,2,4,2,4,2,4,2,4,2,4,2,4,2,4,2,4,2,4,2,4,2,4,4,4,4,4,4,4,4,4,4,4,4,4,4,4,4,4,4,4,4,4
1,2,3,4,5
3
1315,1517,171930,192130
1,2,3,4,5,6,7,8,9,10
-10,1
-20,2
-30,3
-40,4
-50,5
-60,6
-70,7
-80,8
-90,9
-100,10
-110,11
-120,12
-130,13
-140,14
-150,15
-160,16
-170,17
-180,18
-190,19
-200,20
-210,21
-220,22
-230,23
-240,24
-250,25
-260,26
-270,27
-280,28
-290,29
-300,30
-310,31
-320,32
-330,33
-340,34
-350,35
-360,36
-370,37
-380,38
-390,39
-400,40
-410,41
-420,42
-430,43
-440,44
-450,45
-460,46
-470,47
-480,48,49
-490,50,51
-500,52,53
-510,54,55
-520,56,57
-530,58,59
-540,60,61
-550,62,63
-560,64,65
-570,66,67
-580,68,69
-590,70,71
-600,72,73
-610,74,75
-620,76,77
-630,78,79
-640,80,81
-650,82,83
-660,84,85
-670,86,87
-680,88,89
-690,90,91
-700,92,93
-710,94,95
-720,96,97
-730,98,99
-740,100,101
-750,102,103
-760,104,105
-770,106,107
-780,108,109
-790,110,111
-800,112,113
-810,114,115
-820,116,117
-830,118,119
-840,120,121
-850,122,123
-860,124,125
-870,126,127
-880,128,129
-890,130,131
-900,132,133
-910,134,135
-920,136,137
-930,138,139
-940,140,141
-950,142,143
-960,144,145
-970,146,147
-980,148,149
-990,150,151
-1000,152,153
-1010,154,155
-1020,156,157
-1030,158,159
-1040,160,161
-1050,162,163
*10,4
*20,3,2
*30,4
*40,2,4
*50,4,3,2
*60,3
*70,3,2
*80,2,4
*90,2,3
*100,4,3
*110,2,3
*120,2,4
*130,4,2
*140,4,2
*150,2,3,4
*160,4,2
*170,3,2
*180,2,3
*190,3,2
*200,3,2
*210,2
*220,2,3
*230,3,2
*240,3
*250,2,4
*260,4,3
*270,2
*280,2,3
*290,4,3
*300,2,3
*310,3,2
*320,4,2,3
*330,2,4
*340,3,4
*350,3,4
*360,2,4
*370,4,3
*380,2,3,4
*390,2
*400,2,4
*410,4,2
*420,4
*430,3,2,4
*440,2,3
*450,2,4
*460,2
*470,4,3,2
*480,3,4,2
*490,2
*500,4,2
*510,2
*520,3
*530,3,4
*540,3
*550,4,3,2
*560,3
*570,4,3
*580,3,4
*590,4,2,3
*600,4,3
*610,4,2
*620,4
*630,3,2
*640,2,4
*650,2
*660,2,4
*670,3,2
*680,2,3,4
*690,2,4
*700,4,2,3
*710,3,2
*720,3
*730,3,2
*740,3,2
*750,2,3,4
*760,4,2,3
*770,2,4
*780,2,4
*790,2,4
*800,4,2
*810,4,2
*820,3,4
*830,3,2,4
*840,4,3
*850,2
*860,4,2
*870,3
*880,4,2
*890,4,3
*900,4,3,2
*910,2,4
*920,2,3
*930,2,3
*940,4,2
*950,3,4
*960,4
*970,3,2
*980,4,3
*990,4,3
*1000,4,2,3
*1010,2,4
*1020,4,2
*1030,4,3
*1040,4,2
*1050,3,2,4
>10,2
>20,2
>30,2
>40,2
>50,2
>60,2
>70,2
>80,2
>90,2
>100,2
>110,2
>120,2
>130,2
>140,2
>150,2
>160,2
>170,4
>180,4
>190,4
>200,4
>210,4
>220,4
>230,4
>240,4
>250,4
>260,4
>270,4
>280,4
>290,4
>300,4
>310,4
>320,4
>330,4
>340,4
>350,4
>360,4
>370,4
>380,6
>390,6
>400,6
>410,6
>420,6
>430,8
>440,8
>450,8
>460,8
>470,8
>480,10
>490,10
>500,10
>510,10
>520,10
>530,10
>540,10
>550,10
>560,10
>570,10
>580,10
>590,10
>600,10
>610,10
>620,10
>630,10
>640,12
>650,12
>660,12
>670,12
>680,12
>690,12
>700,12
>710,12
>720,12
>730,12
>740,12
>750,12
>760,12
>770,12
>780,12
>790,12
>800,12
>810,12
>820,12
>830,12
>840,12
>850,12
>860,12
>870,12
>880,12
>890,12
>900,12
>910,12
>920,12
>930,12
>940,12
>950,12
>960,14
>970,14
>980,14
>990,14
>1000,14
>1010,14
>1020,14
>1030,14
>1040,14
>1050,14
