10,20,30,40,50,60,70,80,90,100,110,120,130,140,150,160,170,180,190,200
1,2,3,4,5,6,7,8,9,10,11,12,13,14,15,16,17,18,19,20,21,22,23,24,25,26,27,28,29,30,31
0,0,0,2,2,2,2,2,4,0,4,0,4,0,4,2,4,2,4,2,4,2,4,2,4,2,4,2,4,2,4
2,2,2,2,2,2,2,4,4,2,4,2,4,2,4,2,4,2,4,2,4,2,4,2,4,2,4,4,4,4,4
1,2,3,4,5
5
1315,1517,171930,192130
1,2,3,4,5,6,7,8,9,10
-10,1
-20,2
-30,3
-40,4
-50,5
-60,6
-70,7
-80,8
-90,9
-100,10,11
-110,12,13
-120,14,15
-130,16,17
-140,18,19
-150,20,21
-160,22,23
-170,24,25
-180,26,27
-190,28,29
-200,30,31
*10,3
*20,4,3
*30,3,4
*40,2,3
*50,2,4
*60,3,2
*70,4,3,2
*80,2,4,3
*90,4,3
*100,2,3
*110,4,2
*120,4
*130,2,3,4
*140,2,4
*150,4,2,3
*160,4,2
*170,3,2
*180,2,4
*190,2
*200,2,3
>10,2
>20,2
>30,2
>40,4
>50,4
>60,4
>70,4
>80,6
>90,8
>100,10
>110,10
>120,10
>130,12
>140,12
>150,12
>160,12
>170,12
>180,12
>190,14
>200,14
