10,20,30,40,50,60,70,80,90,100,110,120,130,140,150,160,170,180,190,200,210
1,2,3,4,5,6,7,8,9,10,11,12,13,14,15,16,17,18,19,20,21,22,23,24,25,26,27,28,29,30,31,32,33
0,0,0,2,2,2,2,2,4,0,4,0,4,0,4,2,4,2,4,2,4,2,4,2,4,2,4,2,4,2,4,2,4
2,2,2,2,2,2,2,4,4,2,4,2,4,2,4,2,4,2,4,2,4,2,4,2,4,2,4,2,4,4,4,4,4
1,2,3,4,5
5
1315,1517,171930,192130
1,2,3,4,5,6,7,8,9,10
-10,1
-20,2
-30,3
-40,4
-50,5
-60,6
-70,7
-80,8
-90,9
-100,10,11
-110,12,13
-120,14,15
-130,16,17
-140,18,19
-150,20,21
-160,22,23
-170,24,25
-180,26,27
-190,28,29
-200,30,31
-210,32,33
*10,4,2
*20,3,2
*30,3,2
*40,2
*50,3,2
*60,2,3
*70,4,3
*80,4,3
*90,2,4
*100,4,2,3
*110,2,3
*120,3,2,4
*130,3
*140,2
*150,2,4
*160,2,4,3
*170,2,4
*180,4,2
*190,4,3
*200,3
*210,4,2
>10,2
>20,2
>30,2
>40,4
>50,4
>60,4
>70,4
>80,6
>90,8
>100,10
>110,10
>120,10
>130,12
>140,12
>150,12
>160,12
>170,12
>180,12
>190,12
>200,14
>210,14
