10,20,30,40,50,60,70,80,90,100,110
1,2,3,4,5,6,7,8,9,10,11,12,13,14,15,16,17,18
0,0,2,2,0,4,0,4,2,4,2,4,2,4,2,4,2,4
2,2,2,2,2,4,2,4,2,4,2,4,2,4,2,4,4,4
1,2,3,4,5
1
1315,1517,171930,192130
1,2,3,4,5,6,7,8,9,10
-10,1
-20,2
-30,3
-40,4
-50,5,6
-60,7,8
-70,9,10
-80,11,12
-90,13,14
-100,15,16
-110,17,18
*10,1,2,3,4,5
*20,1,2,3,4,5
*30,1,2,3,4,5
*40,1,2,3,4,5
*50,1,2,3,4,5
*60,1,2,3,4,5
*70,1,2,3,4,5
*80,1,2,3,4,5
*90,1,2,3,4,5
*100,1,2,3,4,5
*110,1,2,3,4,5
>10,2
>20,2
>30,4
>40,4
>50,10
>60,10
>70,12
>80,12
>90,12
>100,12
>110,14
