10,20,30,40,50,60,70,80,90,100,110,120,130,140,150,160,170,180,190,200,210,220,230,240,250,260,270,280,290,300,310,320,330,340,350,360,370,380,390,400,410,420,430,440,450,460,470,480,490,500,510,520,530,540,550,560,570,580,590,600,610,620,630,640,650,660,670,680,690,700,710,720,730,740,750,760,770,780,790,800,810,820,830,840,850,860,870,880,890,900,910,920,930,940,950,960,970,980,990,1000,1010
1,2,3,4,5,6,7,8,9,10,11,12,13,14,15,16,17,18,19,20,21,22,23,24,25,26,27,28,29,30,31,32,33,34,35,36,37,38,39,40,41,42,43,44,45,46,47,48,49,50,51,52,53,54,55,56,57,58,59,60,61,62,63,64,65,66,67,68,69,70,71,72,73,74,75,76,77,78,79,80,81,82,83,84,85,86,87,88,89,90,91,92,93,94,95,96,97,98,99,100,101,102,103,104,105,106,107,108,109,110,111,112,113,114,115,116,117,118,119,120,121,122,123,124,125,126,127,128,129,130,131,132,133,134,135,136,137,138,139,140,141,142,143,144,145,146,147,148,149,150,151,152,153,154,155,156,157
0,0,0,0,0,0,0,0,0,0,0,0,0,0,0,2,2,2,2,2,2,2,2,2,2,2,2,2,2,2,2,2,2,2,2,2,2,2,2,2,4,4,4,4,4,0,4,0,4,0,4,0,4,0,4,0,4,0,4,0,4,0,4,0,4,0,4,0,4,0,4,0,4,0,4,2,4,2,4,2,4,2,4,2,4,2,4,2,4,2,4,2,4,2,4,2,4,2,4,2,4,2,4,2,4,2,4,2,4,2,4,2,4,2,4,2,4,2,4,2,4,2,4,2,4,2,4,2,4,2,4,2,4,2,4,2,4,2,4,2,4,2,4,2,4,2,4,2,4,2,4,2,4,2,4,2,4
2,2,2,2,2,2,2,2,2,2,2,2,2,2,2,2,2,2,2,2,2,2,2,2,2,2,2,2,2,2,2,2,2,2,2,4,4,4,4,4,4,4,4,4,4,2,4,2,4,2,4,2,4,2,4,2,4,2,4,2,4,2,4,2,4,2,4,2,4,2,4,2,4,2,4,2,4,2,4,2,4,2,4,2,4,2,4,2,4,2,4,2,4,2,4,2,4,2,4,2,4,2,4,2,4,2,4,2,4,2,4,2,4,2,4,2,4,2,4,2,4,2,4,2,4,2,4,2,4,2,4,2,4,2,4,2,4,4,4,4,4,4,4,4,4,4,4,4,4,4,4,4,4,4,4,4,4
1,2,3,4,5
1
1315,1517,171930,192130
1,2,3,4,5,6,7,8,9,10
-10,1
-20,2
-30,3
-40,4
-50,5
-60,6
-70,7
-80,8
-90,9
-100,10
-110,11
-120,12
-130,13
-140,14
-150,15
-160,16
-170,17
-180,18
-190,19
-200,20
-210,21
-220,22
-230,23
-240,24
-250,25
-260,26
-270,27
-280,28
-290,29
-300,30
-310,31
-320,32
-330,33
-340,34
-350,35
-360,36
-370,37
-380,38
-390,39
-400,40
-410,41
-420,42
-430,43
-440,44
-450,45
-460,46,47
-470,48,49
-480,50,51
-490,52,53
-500,54,55
-510,56,57
-520,58,59
-530,60,61
-540,62,63
-550,64,65
-560,66,67
-570,68,69
-580,70,71
-590,72,73
-600,74,75
-610,76,77
-620,78,79
-630,80,81
-640,82,83
-650,84,85
-660,86,87
-670,88,89
-680,90,91
-690,92,93
-700,94,95
-710,96,97
-720,98,99
-730,100,101
-740,102,103
-750,104,105
-760,106,107
-770,108,109
-780,110,111
-790,112,113
-800,114,115
-810,116,117
-820,118,119
-830,120,121
-840,122,123
-850,124,125
-860,126,127
-870,128,129
-880,130,131
-890,132,133
-900,134,135
-910,136,137
-920,138,139
-930,140,141
-940,142,143
-950,144,145
-960,146,147
-970,148,149
-980,150,151
-990,152,153
-1000,154,155
-1010,156,157
*10,1,2,3,4,5
*20,1,2,3,4,5
*30,1,2,3,4,5
*40,1,2,3,4,5
*50,1,2,3,4,5
*60,1,2,3,4,5
*70,1,2,3,4,5
*80,1,2,3,4,5
*90,1,2,3,4,5
*100,1,2,3,4,5
*110,1,2,3,4,5
*120,1,2,3,4,5
*130,1,2,3,4,5
*140,1,2,3,4,5
*150,1,2,3,4,5
*160,1,2,3,4,5
*170,1,2,3,4,5
*180,1,2,3,4,5
*190,1,2,3,4,5
*200,1,2,3,4,5
*210,1,2,3,4,5
*220,1,2,3,4,5
*230,1,2,3,4,5
*240,1,2,3,4,5
*250,1,2,3,4,5
*260,1,2,3,4,5
*270,1,2,3,4,5
*280,1,2,3,4,5
*290,1,2,3,4,5
*300,1,2,3,4,5
*310,1,2,3,4,5
*320,1,2,3,4,5
*330,1,2,3,4,5
*340,1,2,3,4,5
*350,1,2,3,4,5
*360,1,2,3,4,5
*370,1,2,3,4,5
*380,1,2,3,4,5
*390,1,2,3,4,5
*400,1,2,3,4,5
*410,1,2,3,4,5
*420,1,2,3,4,5
*430,1,2,3,4,5
*440,1,2,3,4,5
*450,1,2,3,4,5
*460,1,2,3,4,5
*470,1,2,3,4,5
*480,1,2,3,4,5
*490,1,2,3,4,5
*500,1,2,3,4,5
*510,1,2,3,4,5
*520,1,2,3,4,5
*530,1,2,3,4,5
*540,1,2,3,4,5
*550,1,2,3,4,5
*560,1,2,3,4,5
*570,1,2,3,4,5
*580,1,2,3,4,5
*590,1,2,3,4,5
*600,1,2,3,4,5
*610,1,2,3,4,5
*620,1,2,3,4,5
*630,1,2,3,4,5
*640,1,2,3,4,5
*650,1,2,3,4,5
*660,1,2,3,4,5
*670,1,2,3,4,5
*680,1,2,3,4,5
*690,1,2,3,4,5
*700,1,2,3,4,5
*710,1,2,3,4,5
*720,1,2,3,4,5
*730,1,2,3,4,5
*740,1,2,3,4,5
*750,1,2,3,4,5
*760,1,2,3,4,5
*770,1,2,3,4,5
*780,1,2,3,4,5
*790,1,2,3,4,5
*800,1,2,3,4,5
*810,1,2,3,4,5
*820,1,2,3,4,5
*830,1,2,3,4,5
*840,1,2,3,4,5
*850,1,2,3,4,5
*860,1,2,3,4,5
*870,1,2,3,4,5
*880,1,2,3,4,5
*890,1,2,3,4,5
*900,1,2,3,4,5
*910,1,2,3,4,5
*920,1,2,3,4,5
*930,1,2,3,4,5
*940,1,2,3,4,5
*950,1,2,3,4,5
*960,1,2,3,4,5
*970,1,2,3,4,5
*980,1,2,3,4,5
*990,1,2,3,4,5
*1000,1,2,3,4,5
*1010,1,2,3,4,5
>10,2
>20,2
>30,2
>40,2
>50,2
>60,2
>70,2
>80,2
>90,2
>100,2
>110,2
>120,2
>130,2
>140,2
>150,2
>160,4
>170,4
>180,4
>190,4
>200,4
>210,4
>220,4
>230,4
>240,4
>250,4
>260,4
>270,4
>280,4
>290,4
>300,4
>310,4
>320,4
>330,4
>340,4
>350,4
>360,6
>370,6
>380,6
>390,6
>400,6
>410,8
>420,8
>430,8
>440,8
>450,8
>460,10
>470,10
>480,10
>490,10
>500,10
>510,10
>520,10
>530,10
>540,10
>550,10
>560,10
>570,10
>580,10
>590,10
>600,10
>610,12
>620,12
>630,12
>640,12
>650,12
>660,12
>670,12
>680,12
>690,12
>700,12
>710,12
>720,12
>730,12
>740,12
>750,12
>760,12
>770,12
>780,12
>790,12
>800,12
>810,12
>820,12
>830,12
>840,12
>850,12
>860,12
>870,12
>880,12
>890,12
>900,12
>910,12
>920,14
>930,14
>940,14
>950,14
>960,14
>970,14
>980,14
>990,14
>1000,14
>1010,14
