10,20,30,40,50,60,70,80,90,100,110,120,130,140,150,160,170,180,190,200,210,220
1,2,3,4,5,6,7,8,9,10,11,12,13,14,15,16,17,18,19,20,21,22,23,24,25,26,27,28,29,30,31,32,33,34
0,0,0,2,2,2,2,2,2,4,0,4,0,4,0,4,2,4,2,4,2,4,2,4,2,4,2,4,2,4,2,4,2,4
2,2,2,2,2,2,2,2,4,4,2,4,2,4,2,4,2,4,2,4,2,4,2,4,2,4,2,4,2,4,4,4,4,4
1,2,3,4,5
5
1315,1517,171930,192130
1,2,3,4,5,6,7,8,9,10
-10,1
-20,2
-30,3
-40,4
-50,5
-60,6
-70,7
-80,8
-90,9
-100,10
-110,11,12
-120,13,14
-130,15,16
-140,17,18
-150,19,20
-160,21,22
-170,23,24
-180,25,26
-190,27,28
-200,29,30
-210,31,32
-220,33,34
*10,2,4
*20,3,4
*30,4,2,3
*40,3
*50,3,4,2
*60,2,4
*70,4,3
*80,3
*90,2
*10,1,2,3,4,5
*20,1,2,3,4,5
*30,1,2,3,4,5
*40,1,2,3,4,5
*50,1,2,3,4,5
*60,1,2,3,4,5
*70,1,2,3,4,5
*80,1,2,3,4,5
*90,1,2,3,4,5
*100,1,2,3,4,5
*110,1,2,3,4,5
*120,1,2,3,4,5
*130,1,2,3,4,5
*140,1,2,3,4,5
*150,1,2,3,4,5
*160,1,2,3,4,5
*170,1,2,3,4,5
*180,1,2,3,4,5
*190,1,2,3,4,5
*200,1,2,3,4,5
*210,1,2,3,4,5
*220,1,2,3,4,5
>10,2
>20,2
>30,2
>40,4
>50,4
>60,4
>70,4
>80,4
>90,6
>100,8
>110,10
>120,10
>130,10
>140,12
>150,12
>160,12
>170,12
>180,12
>190,12
>200,12
>210,14
>220,14
